Нормальное распределение с масштабом 1 и сдвигом 0
0 1000
-0.9931697246829588
-1.236055012743938
0.4105123528775153
1.4971810463274757
0.7483624676467799
-0.708218198797304
-0.2849085023022484
-0.9623122312634708
0.019440011994858154
0.48562885104281106
-0.9040927065808334
0.8851865207428137
1.0598798410416934
0.5985242376214976
-1.0341149399175145
0.6598734996219643
0.5256141560297307
0.11727139572765646
-1.2041488372639255
-0.8808244293038859
1.6233817761571299
-0.12917879201837026
0.4715104154791086
-0.20163265860860435
0.8731613857871746
2.267583057189262
-0.2579236668622264
-0.7294488943623607
0.22173746407020928
0.6479542541271086
0.5910080871182142
1.0857775601644497
-0.3954979579579095
-2.3888736884660333
-0.04949676661417087
0.18442781411922815
1.7198091266687274
-1.1751069257725262
-1.438924358492774
0.6907962935902696
0.5517715047485738
-0.27930159187069764
-0.6198538856725836
-0.42380957444350137
-0.04263612479638023
0.38706565786217223
1.393538251418584
-0.5810517617125308
-0.9582218335616908
0.5441462796188072
0.2700930262061803
-1.5056581497868475
0.004860835309361724
-0.35361077843711397
-1.2922264978354832
0.7960684851794867
-0.11958656702263956
-0.2884819401182341
0.08439081112378077
0.15263074902800655
-1.0575135575503127
1.5456287876229688
-0.9177419015095122
-0.13176123837632855
1.107026639943613
-0.2671752913147064
0.15466886008597672
0.7874880055096004
1.0855739683003327
1.0770597306287444
-0.8301864061025089
-1.7350292776271738
-0.01989633230699336
-0.4302470061531775
-0.17299035516319114
0.7376337778364427
-1.6010112835757644
2.832998169910348
1.0921973758000334
-1.764687697171733
-0.22553552429424029
-0.5005883779826424
-0.702085968383078
2.0533405377640253
-0.05448205897828157
-0.493178435579433
-0.8970485616101067
0.18244249703980733
1.86004760413278
-0.9086732629479363
-0.11388765482140481
1.266919614755759
-1.6615445648825808
0.28929846035048606
0.15123834515065268
0.6566950049613702
-2.519345027625276
0.060786216819363165
1.1087958373072653
1.2881077212751118
-0.39868026186285105
-0.17427716133433557
-0.13135067225458982
-0.012047261026463476
0.4011112947070467
-0.2162593189768869
-0.7757299885404565
-1.9528289322031407
-1.2275776307174036
0.9816471354738937
0.9462531401988413
-0.011709058299767728
0.880542450792638
0.35174966372223165
0.3661269997120616
2.2557636017343974
1.2355234465862155
-0.5302202896362347
0.5188930468933743
-0.8839759596282085
-0.8798767613789671
-0.13727370489322985
-0.4660163630413429
0.5020959315225102
-1.148339756588057
0.9324527128898201
-0.1766363612204018
1.4864020940333529
-2.1509420936602774
-0.16645736534965974
-0.906064351987773
-0.7217281617361855
0.46049638445031726
-0.9214640426330453
-1.0912666581416304
-1.856926105582963
0.13192809635087652
-0.0013780013488585536
-0.7947588904099113
0.8855199752645476
1.8481840633835418
-0.8497308080992543
0.5765860229946078
-0.18279435438895664
1.8006486840983733
-0.2188236222673168
-0.28382327206587743
-0.999695562309947
-0.33149906602450485
0.31682191428513135
0.7840089154645795
-0.40044843710272787
0.020876147746725953
-1.3983690422255453
1.1586348960316046
-0.0431729042211574
-3.536198104859886
0.8849420992732415
-1.0616621303210076
-0.5981883611089565
1.6553696746639388
-3.053560819896233
1.5483829608656454
0.6547465210532388
-1.4504193132475578
-0.05062657993754368
1.3601165773553043
1.2625969819797964
-1.0722415795863836
0.1361885686340811
1.136477371388737
0.27551967399574673
-1.8420289751469643
-0.25671103076180896
-0.2830343077592849
-1.6887609483999746
0.6110106107572782
1.2799244068451614
0.0058035746765636685
-2.2139278222095675
-0.4233994583031675
-2.0289258175150047
0.014672777183432024
0.7506857793636044
-0.33006481968888873
-0.3976873186780613
-1.642882732237115
-2.6507225248548667
0.8229165526618215
0.13753735303723721
-0.41448425121438065
-2.0830234505009178
-0.7662495246322327
0.33187125253596483
-0.25458203502443655
0.5759635524163376
0.5883772934834363
0.8372804626294641
0.006505693718616088
0.1431082849652794
-0.7014136789243383
0.24789290016162993
-0.9940751071132993
-0.24152320253110532
-1.1565018008051433
-0.734392249217442
0.29475875007760177
0.8461881922816911
-0.7279723865932396
0.814597654928996
0.1734128142340736
-1.1369134672486938
0.4168609457530456
-0.4267763705314454
-0.2935242730964128
-0.9975517319631547
1.0818934542310683
0.14606520427916847
0.6955267209959394
1.4861659492233181
1.0048853446731012
0.058478917195655886
1.1439906480341462
-0.17177500342737081
1.2164171019357481
-0.9045893958311396
1.021235486885249
-0.43856082241849137
-0.9941639150383886
-0.3844273567312693
-0.4045223629169838
1.8267292449771173
0.21972622729080366
0.3170045736500459
2.0876247817007862
0.3483998895361446
-0.6520834329287428
0.13160562713425492
-0.3854226414028549
0.32821013384183195
0.028509355414386803
0.78642111498102
0.9784960578189351
-0.5625252155070639
0.6094355826717351
0.0155610640404442
-0.4935805205806614
-0.024610958066731282
-0.9507558654386246
0.26518708175219724
1.909821995801583
0.3901724226415308
-0.10441330757084197
-0.9582486788154427
1.2959755745441326
0.8680316470305771
-0.18780744087502038
-0.8868402814688088
0.4390507133250448
0.32091864861911257
0.4592234083371887
-0.2088167258817091
0.6433634357771685
-0.48522152740828134
0.8742779050259611
-1.5591147725673768
0.6971417209233831
-0.8221845621679758
1.4705775446792457
-0.7790361457535072
0.5536832955044371
-1.3347914869726976
-1.0990536123277574
0.5460254873998132
-0.832642332249212
-1.1088279904714948
-0.4134371002421077
-0.3101829479962123
-0.32007460036454205
2.196812217321056
0.3477575963193144
-0.7638649312001691
0.13904105751522539
0.2094468930795287
0.6086565941753399
1.179417144420382
1.058379103069947
-0.5024976977780555
0.7093745442861541
-0.6902239728688847
0.1408787081176099
-0.16720702601416035
0.3783704427611885
0.42396999207158254
1.155694238451248
-1.2427350074128862
-2.5450897827612367
-1.1748550518439576
-2.062088466342811
0.26118711572143444
-0.25506067494037965
-2.147618385664486
0.6589273788161639
-0.1020578618802136
1.4145145908748424
0.5053141411241461
-0.8388622784920214
-0.09853380432362109
-0.4757214938958355
-2.4512691436983394
-1.095078238687811
0.4690488402772594
-0.6893277425598722
0.54575340533409
1.0802964184066912
-0.862229398332361
-0.3276453523430498
0.8921106749012854
-0.3908363282806776
0.039601148948084926
-0.9890546307141053
1.8064830264901008
-0.9291803987077122
0.032017114116842625
1.4305226614907536
-0.7090334542550052
-1.5086349714506866
-0.22184615544276323
0.939426973414769
1.6041985310949003
-0.453664904270957
1.741412029242069
-0.3009495623602891
-1.076834117242912
0.6193048318050763
0.4998020173646986
-0.10937479660905298
0.5742477701698994
0.5635683129092681
0.9765341154301401
-0.7457925362744613
0.39973235585131317
0.817607013826109
-0.3056730027384255
0.8400474181171597
-0.13464992586076233
0.9198553603878106
-0.7878570668599998
-0.7401175261525524
0.006527199964409868
0.23848188572698467
-1.997931640837258
0.521546433957895
0.13372963394955084
0.9832834081099152
-0.2496380514255713
-1.612672356913479
-0.5201104810426035
0.36381613685818365
-1.0724217667259537
0.5896975487090527
-0.34461994286179887
-2.3337780874369867
0.04239792455137425
0.12181311644642226
1.440639719016699
0.01171162207613103
1.1561916724009291
2.7914287814992256
-0.7677901061410916
-1.9916975969895379
-0.5942986508847168
-1.36533464438345
-0.23922464988124686
0.004910018292110143
0.6943633465571648
0.14679295713473328
-0.2723377731008091
1.9508980112174217
0.7751311788143529
0.06952794066365699
-0.959153682886967
-0.6959487935100181
-0.10300713815861298
1.69959459677917
-1.1684064522559252
0.2607650726383707
0.43672558289987934
0.0027500859446070655
-0.6479024015323631
1.1104653248226735
0.4219189994452084
-0.3788395023513362
1.015537402810462
0.5906455034753174
0.3248034826543417
-1.230849687762568
0.6328754111433385
-1.7467545281529726
-0.9757570631786859
-0.31366274346382567
-1.5270535283151083
-1.1377080141687246
-1.416812153788667
2.1778251725945204
-1.8072014664654803
0.07638531451987797
-1.6387864523812583
0.08900693300207432
0.461366024421799
-0.2636075492772968
-0.9473813484824607
-1.9882872284848463
-0.38220095548112076
-1.2321510049223887
0.5143885764048327
-0.3522445998804212
-0.44336578552617384
0.11420873386509817
-1.1495504773975669
-0.856421704857349
2.3451159686083862
0.5038171393373451
1.5652014729705235
0.24996658594056684
1.4306198500276412
-0.623207704295331
-0.8413596001093655
-0.07622823415985028
0.4624369355785271
1.0045062633023796
1.1037305195650464
1.4650524363180846
-0.30376282816141176
-0.2687109965356723
-0.704156263412968
-1.6210048836793922
-0.45235245199851914
-0.6735878785525106
-0.34949828321178267
0.7250240234888858
-1.6179344910505693
-0.40503331216875876
0.3685116100807997
-0.5248191660310602
1.2735244903043732
0.25534760245629606
-0.30575590594058283
-0.5262810540813572
0.20676804521799708
0.5734963673370516
0.6115101424303069
-0.4201577401023454
-1.675173346281168
-0.29357205872401965
-1.5746411441680797
-0.9438097868692283
0.6434833825232672
0.8323409838082745
1.9569310957951982
-1.7513810030049117
-1.6733750485318424
0.09532404161002718
-0.6084910586043781
0.011697590666331867
0.8935279015444103
0.37377005177955647
-0.5557818240612075
-0.12531531258466175
0.6849165009268261
0.006564012788876074
-1.0623308073085822
1.6402233209087167
-0.5347082122575041
0.11861584089935948
-0.10317148915721275
0.887555674209365
-0.8116652832743747
-0.0560838359073902
0.3630311624239376
-0.4663395055078637
-0.3961283994824455
-1.7454843551519454
-1.0020962034849592
-1.7229734686223186
-0.5702347971144585
-1.1035037573246005
-2.4949371743687845
-0.024529140308936145
0.3883085395326435
-1.3148839586333225
0.5922395850593155
-0.857652997253178
0.7862342292476538
-0.25862070854672947
0.6186442823589123
0.09058796977811624
0.36766285418310124
-0.08734992183951872
-0.4077481593704693
1.3088397949118395
1.227049708543538
-0.18826567063538097
0.619046439341695
0.4941413731949355
2.6107151108967486
-2.48675989404634
-0.8623919812501755
0.39597960188883147
-1.7292119225886617
-0.6279759977038256
0.2241971478996125
-0.14728850003830757
1.0162866625993703
-0.4285094998850919
-0.27009941982363006
-0.36169545998314884
-0.6508951456052664
-1.6958007924270038
-1.2885060439968723
-0.25641547063944187
0.16674861408567163
0.2164919712244309
-1.0054277944306227
-0.10867309965538247
0.07688634166932352
1.2415924915176688
-1.291151876771079
-0.6766797607738945
-0.7408993115389307
0.7276368589624492
-1.1578523946119663
1.118786182929922
-0.6522993530948248
-0.20415316385127508
1.4966751388344728
-1.1209689735485313
-0.4874707237241157
-0.8536242676997797
0.1665363944094524
-0.9499585679300728
0.06200358172791685
-1.8934518423823978
0.5927731177724902
-0.18097042103697775
-1.1229590785657053
0.06079153349914187
0.9430035508041718
0.25535042020131965
-0.3379480105923241
0.6278665752337437
-2.082331194508174
-0.4224150235190586
0.4972175764756033
0.10407228427902747
-0.870289700018493
0.08925931476630918
-0.6717121650044372
0.4225682298013942
0.4355961143598217
-0.3476079545986693
0.11856490355481641
-0.45269957120316995
2.45080920835297
0.34248197532865904
0.3142397155377841
-0.7114230914624351
-0.6051311632293839
0.7592279979602018
0.8918404296468465
0.08840161231718778
-1.1327067976108967
0.7299782512698422
-1.2361128329850763
0.9761971036096917
-1.303995978984224
-0.6591715947003627
1.1941600313366671
-0.5279292410895702
-0.4619719323572135
-1.64509227222371
-0.6282540106840827
1.7900526684092875
-1.3666347521445152
-0.9042149501636504
0.8159984943572122
0.093525711803228
-0.8286487304645144
-0.09393585805332026
-0.5689753334855135
0.15427826894553484
1.1793848868830348
-0.47742058404702314
-0.9401691286607606
0.16713666370458227
-0.04052828413700589
-1.8283032882367367
-1.28446092413968
-0.6571662067293242
-0.5411811844689334
0.2058135099923776
-0.47129218765049063
0.9840491996469279
-0.7711611551197396
-2.238949992918258
0.3016123568761013
-0.7986676359884881
-0.9089313257844361
-0.9512643843962406
0.20825566095436832
0.10569507548307833
-0.3931932077710236
0.7806565171413461
0.2466490688760809
0.4507584100382826
-0.22104141979811945
-1.047244768093307
-1.1424982920852869
-1.0446840777982405
-0.6885081835390182
-0.2261343366360965
-0.3142745373474765
-1.640330570329364
0.827887511788432
-0.4763219546899392
-0.6681458526443365
0.5926336663133366
0.9992791052748898
0.5267687153817424
-0.09980721561030402
0.7670230865147177
-0.9382314118007855
0.025007602357553657
-1.8948182630262431
0.3992595616456011
0.7922998795264381
-1.7214067674015672
0.15480952895838043
0.11234525725254657
-0.46542572691539025
-0.20301981795794466
0.49943067922460943
-2.536150992359996
0.8912018959438829
-0.6301174090281699
-0.09407801528809347
0.6313035174706736
0.38259762332823394
0.01865111568752041
0.43991923816098494
-0.6956867601684881
-1.2671972063326733
0.9959536060985199
0.2261829203017547
0.8259190238826675
0.9888109903672672
-0.01071819345245406
-1.0207371600007458
-1.0155193239482052
-0.48287831415694726
1.3787725604197032
2.2540066984092912
1.2089761912606585
0.5464692022874326
-0.04013167144879164
1.1435797194477593
-1.7318280213958626
0.6093929833660355
-1.113166406031068
-0.7084159656637159
-0.6077066492938248
0.3721422781752765
0.785177899151549
0.2962324913103289
0.38832900827432354
-0.9708315943513564
-0.5425747388884664
0.13117276623137442
-0.2833611274027111
-0.5337047197165621
-1.683299406330605
0.6331844255401734
-1.7507817904827432
-0.17216536375919939
1.30786546820569
1.5013727405481239
-0.484846622345712
-1.4652987532680941
-1.2808652085930565
0.6986266648658713
-0.389497399380629
0.2765558106212338
-0.5409232595896244
0.8251657801132878
1.3355868613130333
1.407783163303328
1.737460064977338
-0.10134059621015987
-0.9840056931346779
1.3417457049297237
-1.3322190430365337
-0.0851840128793543
1.0322405640799535
0.22171346006565046
0.5863076632580667
0.042187622398147925
-0.053227541188484793
1.2497265894015352
-0.011437383080379565
0.3091535335611784
1.5360651737567586
0.15026501708686887
-1.2745648006300085
-0.7657546131816301
-3.0557999278337413
0.8513305109239797
-1.3411414958704477
-0.9451281514606684
0.05540780356651131
0.4402770298105734
-0.806328222094912
-0.4997897337479464
-0.30204235551434255
-0.1726595459753121
0.43569805882776313
0.14108583530778962
-0.7274683679662367
-0.5722802477435114
1.1504758571587357
0.1833038153321468
-0.6990069588956895
1.083310760394328
-0.028460934328128525
-0.8156357334963642
0.8541137265547836
0.0003773843143250322
2.1618475715401364
-1.192923156822275
-2.095339971529155
-1.2389055870783547
0.5807075205921753
1.9470621731219484
-1.3053664489399572
-0.0011089765512343253
-0.5379495952419246
1.6421177035642829
-1.2447035034851481
0.23317732456698267
-0.6496226153018133
0.30425640514526914
-0.9706788185601147
-1.2150644099875882
0.015122073793504415
0.8814361622639305
-1.2238241975317221
0.28709273752931797
0.28660291664080323
-1.2436628457147407
0.6688361421377349
2.1171624608687223
-0.10666031208215208
0.3447146982933152
-1.0466285356827523
-0.2673740298461699
-1.577045020451442
0.06517580596873819
-0.6574814565941904
-0.80182624620296
1.4840108725263763
-0.1297966958822058
0.8299697039104159
-2.2029785612849055
0.7339836519720371
0.6745808908898624
0.8692125149724862
0.5921367667060318
0.2459544263888822
-0.6952400164319763
-1.1559616505377712
0.6788933454592897
0.9192150525487377
1.6628795279254394
0.28796216551310383
0.04023038460556867
-1.8016084173638303
-1.117912631505653
1.159032384591189
0.21379618192722194
-0.26183169449352134
1.4731813132850482
-0.24490740934039118
0.3014184766685145
-0.016300412966576243
0.0031590346231725836
0.0853177017566374
-1.3336917903894494
0.7272713122694056
-1.292067603363148
-0.1964353186107764
-0.32439013834586855
-0.15692750174235917
1.3816604183205552
-0.08800730622690241
-1.0468326394298348
1.3444325073867271
-0.8266424312157821
-1.3693598531332045
0.7848079489491027
-0.5275036826487844
0.39780893407172124
0.13065979718361015
0.7505584228926091
2.0902872410120406
-1.5118009956975695
0.2115704814072375
1.5820619217592304
0.849754534710285
-0.13122786604770487
-1.1690891128699439
1.7992837332949128
0.12758153244361775
1.3997885101314644
-0.0440890101188521
-0.17349678222298776
-0.7856540903616203
-0.06270188058631557
-0.41323150574637324
-2.4980182017494394
0.6520306899269891
-0.2876413086795079
-0.8681345167304189
-0.22487422953114733
-0.47623660425770653
-0.015378135457359833
-0.9261548699470094
1.7573564588436497
1.9080714497570577
-0.7542279684408043
0.12701782392287567
-0.9135166114615928
-0.8675760266940676
1.3900924316789676
0.4636354275199723
-1.8879207790198855
0.24947981763078148
0.0766017785239001
2.1457681805112516
0.8886132706752095
-0.39338797872983877
-1.5514564328452558
-1.2476623227132702
-1.3060904900559036
-1.139642248114565
-1.4023435663459314
-1.588318587492202
0.036195556556842375
-0.7759581848651309
-1.4063175715089304
-0.794427331377813
-0.9800206823265367
-0.7498868290005274
-0.4767513838684894
-0.3269548177073173
-0.41425677135031186
0.3407128329445405
-0.3395391901643298
0.2107051584107882
0.5466159326890742
0.9499483165668399
0.4136187126456147
0.05029950938880842
-1.2157437538594935
-0.3546440198413468
0.4462638805599146
-1.17916153421961
1.6978538057217103
0.4512094988647361
0.23243377016267555
-1.5988493207731038
1.3659894545944788
-0.9602686272061188
-0.29641178246500144
-0.55630796646854
-1.8387769996917012
-0.14216840629068925
0.8507913373549134
0.09457600021658809
-0.4662400381580881
0.09092000740151021
-0.37903253830332123
-0.38699908829052526
0.8823282626271162
0.5967842571989085
-0.10334827583366876
-1.2821186430675737
0.012914429289407774
-0.9882386450667245
0.430860345072612
-0.9594877806129586
1.1558971402795832
-0.13192606941207058
-1.5659651011468712
0.48347541089403806
0.9281795633475018
-0.30325894101746637
0.4552202497247234
1.3924227999900973
-0.6113687516095627
0.5734734927724282
0.38411535383670603
-0.6977546061715921
0.7353676201643479
1.1073370367596687
-1.7326136353936044
-1.5329499606875139
-1.7237959877906093
-0.2748881211444466
-0.65523909973472
-0.8704076210670416
1.2510926121036032
1.11630335909233
-1.313972182680403
2.9259460069489323
0.050088914328898816
0.640623259715531
-0.7944376378709431
0.33923849672843026
0.6391233761327114
-1.0032938963497746
-1.5245570620372355
0.536973427026241
-1.309632458007199
1.0834340447703903
1.0713663762327934
-1.871405543922645
-0.9160840241619008
0.08390297978675779
1.771532398387863
0.5860872522391477
2.872761620353225
9.768878155794659e-05
-0.559398348547152
0.0014705546668599783
0.6329911751122523
-0.7218787047365525
0.19700339334759875
0.30869420909328704
0.7374760089943929
1.432163920399607
-0.8172482158350451
0.31823527680918856
-1.6583799343559953
-2.1300640461026514
-0.03452416929434185
-1.0395193551277475
0.8905236452774665
-0.37421155624903235
-0.09423078207967209
1.6114604223636562
0.7198941864237929
-0.03471579766435537
0.4359298427140542
-0.46073998386611
-1.539679233694346
1.1618501208171228
-1.152476942651385
0.7101995057131839
0.2737348267419404
-0.770628648457543
0.46809643933258704
-1.5545681124495432
0.14102658336917184
0.8777652886525777
-2.5705556648847687
-0.5529794946843188
0.2258335032692193
-0.09424678710898197
-0.5550050232433181
0.958152815317811
0.9753855601831148
-0.43506849420143895
-0.9534041949407196
1.595342845727756
0.13556477160589836
-0.1631766431139012
-0.25990295126329266
-0.05795933047109611
0.7318986795780333
-0.6587503974138484
0.8352191899910224
1.5895751775301572
-1.139740517793571
0.9692287273647971
-1.435490283972236
0.15940709172899736
-0.24303909307038388
-0.5197924656215511
0.6178359109417018
-0.040908544935793066
0.44287433368842793
