Нормальное распределение с масштабом 5 и сдвигом 0
0 1000
-7.077464016160192
2.1016271071632042
-1.793932237346034
3.1224914992590964
-6.043010373674442
1.8829681444514879
-5.468213554977808
3.0552150614535467
-0.9652530168413921
-4.080928882633336
7.25365404387613
5.09604795240039
-3.680837653287235
2.988722622765687
-4.29842737427828
9.95213690008032
0.20000236031109164
3.580100499124066
-1.931059648687452
-3.255950523899927
1.8181587627978537
11.024832053150643
-7.139110851403537
-0.2729651336480706
12.612341277531062
0.6838208136827042
5.186098578024419
-0.036737026485186904
0.2917166987999686
2.691959067414269
8.220472232332586
4.437327483877946
1.9224143805927063
-3.341868864515456
1.0456557689892159
-2.929489271778671
0.37643207884717006
7.399964761957598
-6.150002711194373
-5.455470540200563
-2.7985521054090983
3.6571236917349568
-1.438831078100318
0.8341261465571346
2.360616724491185
-0.7693482830953541
-6.513329237057993
2.541424055961028
0.1355218771464016
-0.4654003898778607
3.3749238132837145
-6.489578235269332
-2.794640113812794
2.7518575256500144
-3.2632638324964365
2.0135441105146152
-9.591695817375541
4.972899551329656
-5.879230834824733
5.764795373042838
-7.738645689082872
2.440516265148841
-0.16439846947298245
-3.269220349941442
-7.667383883625495
-6.110210391559333
-3.4804034075009262
5.870111551081862
-2.7844824235751515
1.1298083791367466
5.326970866302773
1.3483456598462733
1.1331142175823774
-6.528015182505339
1.2940025764916854
-3.4627074459458718
-6.431476252495409
2.0569960437378874
-0.5465170588748037
-0.815378025628338
-7.830704318180396
-3.5503137242182166
-4.4426926598122805
0.21111482341791044
1.2385463082989263
2.9020195141256484
1.837305760732158
-0.762330804020203
5.230095331939215
-2.2988001528167152
-7.91875859158864
5.473297983829978
-2.3843530965814796
-1.5361952913540873
-6.659335736962052
3.388180067464009
10.008389177633433
9.608300485158171
-7.930958007692848
-2.169618718216179
4.6854534405445865
-4.506451248115001
2.77758500144391
6.310153568055186
-2.0103950618033193
-1.368233002562682
-3.4454736205226992
-5.967777443539436
-4.310315508526109
3.2796818632927804
-0.1655233337328403
-3.745781237902
4.11523430463191
-5.742150004923946
-2.2146177125991113
-0.2653219265983198
-1.6023712525315625
-0.15651503283494
-6.4668758968387365
11.483420733825923
7.811433488904562
-0.06395996351926853
-3.9735984976023744
-9.848515069381993
5.864657573710838
-1.5608355871487742
-3.3983319543589903
1.9285027676030535
1.8212769276762386
2.416601519418346
1.3678783288468757
8.257003348429363
0.482360899817511
-2.655769321935013
6.503856448648529
2.2963156923680157
0.4086152581886727
3.4810075165987415
-9.03964358308483
2.136188733894498
8.395369303158288
-5.075858951533264
-1.4928340087941043
-2.686916516034441
-2.7513267065626086
-1.9910577148040693
7.069804452116559
-1.504848400381325
1.9239058752365492
-2.4789852192872672
6.694953277862421
1.4896335101534905
0.9661810234691414
2.197927163925506
2.7814951785331177
-3.641560586121553
-6.283950465034538
-1.8028970007035185
12.231488063235364
-0.35090625807872655
1.524990064512264
-2.0541410344951743
0.3948140958312674
-1.772247468199797
-2.4466640720802504
7.588730045327207
12.450916267900215
-2.371213906335466
-10.612801887327684
6.730396918055533
-3.5132417786951664
9.829311305830014
7.062352296336547
-2.008373282212993
-1.6281595030018459
1.5255554212367906
7.113091888179436
1.0804497705704217
-6.106609389434442
-0.515092779810012
-8.130351936919606
-3.548137171223302
6.9206018172345996
-2.7009743587138404
-7.060922655701395
2.285033645343942
9.178938705193932
0.6159654371270518
3.9931895175921364
-5.065090808005223
5.951694908595737
6.20167165760066
2.024939416586295
-1.0176984434355887
0.7157473524352542
-6.784908085649828
-5.927524310744144
-1.1955949180818197
-2.358869212836888
-0.009062630896858569
1.8790103217560894
3.092911656167874
-1.1142538787249643
-1.7115182209153137
-1.442973832218313
2.235535788352334
5.941187472925482
-7.083954879298716
1.231026933340341
-1.7206090252662913
0.8326606018374927
-0.9684648307627544
6.673938101872359
-3.3020516858433218
-0.022289365072287126
3.5788031833563245
0.4886613967065334
-1.4684579099344484
6.807880196490808
-1.063044842678387
4.497255712656284
-2.091716834087046
4.714390906923326
-2.4221378194778937
-0.8624775013287396
-9.815561434147254
2.9290456358297896
3.691194382822298
-4.237470199080725
0.8324222681920967
-9.113826557115189
-1.928248403502419
-9.4142210211146
4.693481916378596
-2.1168098284769132
-5.690654772951836
-1.011060611842455
-6.4147286511731085
-3.889144163987328
10.744525444204713
-0.0017875026457779685
0.39656710889957597
0.9723395656501671
-1.8335392669074089
14.187348867080177
-1.8603923006364265
-5.397714495338773
-2.3460951682109132
-1.3295386298999887
-7.736811075472954
-3.231878271069784
-0.47405616732911426
-3.5410101749010066
0.14347319979481435
0.5480858692887649
-7.12467007035141
-3.003450153527618
-6.82806122879759
-5.0678773906645915
-0.37364840251638193
-9.240943152836559
-2.425578413026038
0.8711631248707272
-5.804605012523504
-9.76834442812445
-6.765582787298808
-4.201790059362801
5.024984768076228
4.774351785927755
-4.976342997267331
-6.895189875507399
6.451041870985343
-1.4577538024834735
3.7808057781200604
-5.325750842702587
0.3668552904192022
6.0851255768023
-7.34048899044124
2.7748809107625183
-4.0938381894878
0.09211432644934979
1.017095371301005
-3.4285079863351497
-0.8771270628030621
-3.209995897134124
-1.5356052328010572
1.85040457288688
-6.342915488297402
5.178943485135933
4.95893067191021
0.7215568797574514
-0.559414103290684
-1.2539028120205926
2.2372023476404257
-2.6224009517614117
0.039893311426933795
-2.5096065819096385
-4.908697566747066
-4.390170827242917
3.9179381145902537
-12.08972224517308
1.5573806705845308
3.938158812368152
3.6478647716504193
-2.1785603597852177
2.094563644566184
3.3617972904826687
4.78442882153643
-1.7411959857178378
4.841730146344555
-5.792568255784777
1.639054278243333
4.2437171432156875
2.891617068567882
5.671085730735001
1.4966165472061443
6.304944919596101
2.4772514735980886
0.3653357931594559
10.254176696265947
-0.07565213041904563
2.6078155895619757
0.9184012557028645
-2.7028151039687898
2.910551285349949
-2.6347650850019932
-1.3760398968832552
3.709327910383327
2.305768537759509
-6.549087410066827
-1.3327785574753825
-1.0975576426850735
1.5426732775633998
1.693728040296374
-5.7005206849424725
11.942504782449445
1.3379416465896277
4.462667411402845
-6.678336348916963
-0.7769269518877904
-4.202872700657023
-10.156809639042768
-0.5414874264620376
-2.1161622245263505
-8.232764835165163
1.2034077159740366
7.759131534455617
-9.004227293193502
0.2179886131593215
0.5311231582799577
-3.229864361629511
3.3653257080848284
10.753366652506074
1.202111186675702
1.4093431845505788
3.835804915929912
-0.539100135238075
-4.3172001715423205
3.9621237212496374
3.649713867088619
-1.9528833447747749
-0.40183719063941975
2.6808802096425817
4.140692660832258
7.877828890182118
2.3213334046762673
8.832502921917296
1.6631747723800914
2.2661087857440445
4.294174525028712
0.7008558726131374
0.39757836801363833
-1.6890685180735003
2.255787160876835
5.893234013264813
-1.7845475954039856
6.52610110563974
-1.020959332743928
2.085278440767348
3.827444231869117
-1.29382374778338
-2.7909941436849013
-4.073018309469267
-1.249757013241624
5.770404556068392
-1.6444648543423508
8.306181381186956
7.210105457763676
9.059019787819171
2.2450872332537393
-2.1084114428446394
2.928647844687691
3.9005608051008593
5.760904830557588
-4.2645743292951295
4.063006033312132
1.7652423341468393
-1.0296600178941335
3.9715515910913073
1.5304457205016258
-0.4584800983267198
-9.3759196088722
-6.148821575059036
8.769473139475451
-1.517341927989388
3.740545808054918
-0.1921190944137491
-0.750095746256271
-17.69293121814564
-0.5014811414828436
3.941196772370551
-4.3481712037000895
1.1832322594892992
1.18052348549298
-0.45617679866681793
7.791005028106911
2.5121518803313077
4.106242942484414
-2.507789117582266
-1.1153930716972205
-3.3492399563063415
4.736890670312192
-2.0916111242664757
-11.63033268278209
-5.4017543621109105
-5.14384694731863
1.7866572754979748
1.3140614976438667
3.6793382953602434
-3.352619070719412
2.248608356606397
2.3693939978570078
8.31841630970974
-4.2447777652688226
-2.7362355827663842
-4.555675297997129
-7.155295701186707
0.10080056771618734
-1.174208907900719
3.6732495647793746
5.573766300398834
-7.918371869102705
-8.905018512617147
0.843394870865827
0.6916337357052353
1.153741597504658
-0.6403726577705202
-7.752849969292309
9.981390921458368
-0.21633859715117315
-0.7907363035288156
5.49473694845717
8.300523303085672
-7.592882227017679
-10.02744043267768
-8.425960131454547
-8.865188576484444
1.6702696073898082
3.075784545433651
0.19817343720523545
-8.231721591470349
2.1514102062195803
3.6916738360745684
8.257921580721032
-6.039491491736153
-1.509190605522797
1.0665827477074878
7.523534698592146
5.593313680800236
4.204491570438838
13.114123352187757
5.882110015617487
-1.1331482105268305
-2.7334563108277647
9.128257115221638
8.744561866053454
-5.083594320160991
6.850984148814509
-6.98823096369302
-2.316189113981518
6.09832581006419
0.17430889188505147
-1.316991180051435
-4.699938553191069
3.059183941171742
7.657744290429012
4.378905171767127
10.053315288534383
-0.9254406361218637
5.688064274233806
10.415667813584308
3.505800702055572
3.897097575621673
0.6905225722507167
3.1678364025433385
1.5080697127915612
-4.05305919152501
-4.599978388075976
-4.3358994069089105
-0.5371831739989069
-3.7585641606559212
-14.186414481940961
6.6043268469005785
1.8166273994317204
-2.1068707871976144
0.47242598914803646
7.3104862144483915
5.640798634794289
6.37622619745258
4.1973776799516855
-3.7027316289700014
-0.5382343765950824
-1.5558620788697737
-1.762079868904996
-3.3467642795742436
-9.109024664862336
5.727720143181809
0.5386703498152342
0.9268048011112577
7.291362109704202
9.536900708324156
2.813192920457202
5.90063123348389
8.38920650865547
6.063303640704377
8.36046802846248
7.852215772437181
-0.41840319090656086
-1.2353881082907854
2.514686789657769
-2.8824655518378277
-0.7919705516188312
10.612994631113793
2.1113827801088814
5.95722360997819
-3.4156232754717615
-0.46365904805557695
3.1798181384108597
1.1170043617140666
7.809003963083282
2.9620748395352297
-3.330977460904958
5.167774508076075
-3.732211710251192
-5.571821697907273
-4.38379777127697
-0.1761424159723822
-0.5332643791059211
-1.702855130400962
1.5742861808684339
13.14662689546257
0.19059269695698447
2.638241246889523
-3.120817215583484
-0.691641530446872
3.9073367545371034
-2.9183110959249454
8.866655468313372
4.178126355963139
12.054049413044307
8.701890789806225
1.1164793303119844
-0.032877777048055
0.7646899951887893
-2.6670720551887914
1.118910303998503
-2.934956892161077
-1.802445040057591
1.0666023152234143
-0.37589898512247444
-12.587390448585861
3.3919587215197384
3.849736487804645
0.4243458085359874
5.082391588706895
6.296391330397132
0.39782050550509485
4.901562515454336
5.675349944284083
2.2780931840791854
0.03751228797415897
-10.475331927282983
16.361808569535917
-7.269959518633055
2.940054033581427
-2.755068655230679
1.152712988424056
-3.0899179887715498
-0.04430255079200336
3.6969918835168465
4.41016516577099
9.35147001951336
12.630735478607393
-3.744691762744059
0.4956523751349909
0.8195942443753162
6.666884249608968
-7.931633620229729
-2.9622008748436537
0.10946203043475161
-4.48284227573495
-1.1177783570819764
1.3109552942053118
-0.8219006410523239
3.2961321877250125
0.6898903363116227
5.774396936453282
3.47279474227399
5.497643563798187
6.170981562887148
-3.5774910091845964
-3.6742661419255844
0.124478868831214
0.11236642510069564
-7.077712363490364
-1.2987063168277078
2.234326824668292
-1.6247441924788462
-6.51034475682449
1.1287585078864755
-7.297720861188529
-1.0267683522638849
9.497266228705575
0.7217649570140182
-6.897979981883211
-2.947804359330653
1.98999996012971
7.352527962344142
-3.2699651544130353
-1.0749605711457737
-0.4466343896646543
9.276700515936955
-4.27933058047666
5.738188022859156
0.7855074127551194
-0.1068687814086435
2.822806379054321
6.308079670797503
-6.565948679124183
-8.886442085415364
7.463812178933297
-3.8807794520475714
-3.9747359957336323
-1.749556961478507
-0.36752476498581105
-4.142013603095843
-0.5532759275082684
2.0347072659765946
2.8462774824306574
4.09854895889755
-6.944016067498194
-2.084473367919219
-0.6901752857518867
-3.3373122805571254
-0.9381694120658285
-2.3648863284538453
-2.0004332235303326
-1.021414770263769
-2.60299357954667
2.249783483410692
-4.831551064892154
-2.2489879858200137
-1.3548560544167019
-1.0284017478349345
1.3471162766317957
4.871144212502748
1.218728978207703
-2.3961952536130244
3.054721229628672
0.8710158937686557
-5.559813435641649
-1.6881509160512753
-5.49569697414007
-1.1614191737136235
-6.772801483884131
-0.6568864086521378
-5.029566000313316
2.268151239903956
5.78364310908953
-6.068675730649744
1.3388169416163955
-3.1262759115347443
2.7546044378377172
-10.31243671925541
2.0195242824780935
4.946084463962278
-2.2351746955461618
3.2045024100230943
-4.341614705455093
2.1613468099686597
0.36012780695417795
5.359654700416476
8.5881979440055
2.100217366411878
-1.0728074082211863
-7.915018863604529
2.4915828440227132
-8.703033101881228
-5.732611414414062
-1.8180603736438483
3.927138904378115
7.92717723589103
3.366023929771353
-1.2029706509693803
-14.970160379815782
4.866809300867494
-13.069950748094744
-3.3874630771144805
6.310923976028012
6.1474397169808075
0.26587073650748144
3.307585011755378
-6.614865777094083
-3.467561952170613
-7.928333777589264
1.5776972303376136
0.9300704031148486
2.0510994116598655
6.586463130052042
4.3068865160796035
-6.781565900644438
-7.538781877911987
-4.026198395567021
3.3243482635061463
-6.906456510560758
-4.790597131420679
-3.51990085035528
-2.122949034597837
-0.0344839096254817
-2.886334427401373
0.4945148767220684
12.50157237454121
-9.454291264618146
3.4629416448772172
3.7602293494064942
0.5027794753876781
-3.8914111836417487
-4.209486573076548
7.816744340809906
-2.0515399886447403
4.815934191597238
1.6100911020883037
-0.5908388143534836
-5.758436745198361
-6.643039745015401
3.593128576511152
-2.11692229580774
-5.526981888517901
-3.168197005900068
-1.951009696383223
2.7480829792015338
-6.571396599308561
6.086648325045091
-0.6248430173265898
2.1552703585009207
2.730202392966507
-4.816518984592938
-0.20971273471513865
0.2775125590831735
-10.113589300117455
2.744558730939734
3.8887924119816057
-3.0526810056347946
-3.9572035845414706
3.6446481065326513
-10.328898057297586
1.3038338276540578
-2.830530578559434
-3.1323504887381666
2.378406635059876
-4.883049855099495
-3.4470419443085336
4.107781611641678
-6.074917344471848
-3.953187199557563
5.637440555405979
-0.44531170965794
-0.49821011720286584
-1.3532202438659569
11.259666744142699
-5.0965572659836
-1.573615821269607
-2.7713866602588535
-0.04692339545992709
0.7842232470760082
-6.620193277220795
-2.4808411145154836
4.398398263417643
8.555530455387043
2.1817953605255944
-10.45129382670391
-6.045221702768741
-2.8516260873409416
5.469924792522113
2.28400767046994
2.795564240775303
0.45550380417848124
1.3803596250958063
0.005092514270202066
-9.60517528792235
-3.688713850784448
2.710306374433858
5.3228833250845735
2.5721538267203528
5.121189539263601
4.531703917763226
8.348439992109626
5.616692745376667
0.1795053804250928
-9.559564845669474
1.606631133607973
0.8579075680654029
-3.1550697610867657
0.18098114309154
0.11971721714558661
-5.434024520177248
-5.697745014116535
-2.004318480434956
1.7349557654851147
-1.111844335417883
-8.846725033013282
-2.8694539295811117
-1.2824145301991794
1.3062054283025162
-3.5853131940075227
1.587927902191944
-11.470722891753862
-0.7281925632689036
-1.3047013109091048
8.57705308755187
1.886508424565241
1.4396945014394833
0.9797312014860228
-6.544151763876769
7.658364898375569
2.277993760387493
5.926128196077517
1.3402108216344586
-12.806645787044577
1.578925315609061
-1.3242090994188482
-5.254038511598349
-0.4612358824030332
-3.0627460604343035
-3.774923419086382
-1.7352843026136542
1.247672201974551
-0.8344215985462754
6.812349444057042
2.1699371526964955
-6.38947889951689
8.981988583767759
3.5859101107144364
2.1670332240545647
-6.562233189589169
-1.165318097799458
-2.114298408828677
-4.405746589209696
-1.534201734059456
-2.765830085788764
-1.8218286641288253
5.312429122358365
-7.69903079436463
4.030684072631717
-9.720525630731768
7.956445637426095
-2.0502225002133097
11.955738014994646
-2.6709495232722595
-1.4199439449312994
3.0012510333746363
-5.3431136943124224
2.721261213551815
8.88611256124381
-8.7853570059153
6.411117631011145
7.627905982727317
1.6700797223606247
-0.17003020591670448
-2.879486517255768
-8.540808895308505
1.5467166629319635
-1.8336425261126998
4.053927220601504
5.038636845196604
-2.086025482797395
11.246669652049379
-4.592207956101632
-5.188421742892045
6.992229505359986
3.0419484512881207
1.8004678767268216
1.7841010514892153
-0.3252887813004573
-4.122742032901851
-3.39027154787701
-1.6127333916203355
-2.575243841681743
0.6966541292308953
0.884940399241906
-2.3514742731547393
2.4130636140519113
-2.807550897655427
0.6517531516867607
3.399074135581594
4.891703245555611
4.9636646856913815
-8.112963375931177
7.09905390283698
5.400891320821636
2.4202723810532722
4.458905634245346
-4.436111718111178
-4.714663031858033
-2.6766970952744646
5.264262429232318
0.2431491583703823
-5.267399410037093
-0.20154425055640993
1.3365724567405979
-8.234174584460163
-1.5861777076715764
7.327473326393856
-1.2060562045694037
-4.957870101975537
4.96942889677692
1.3764627088663213
-3.048568797639698
6.395064148664421
-1.2932089466914882
4.498250282680888
8.988869920476777
2.0939289786930257
-14.930259239120833
-0.7005025544595166
8.22431646288546
8.579435323781077
-1.616627677023915
0.29543061763385237
2.7898526467012754
-4.904323179589374
-8.652772351103307
4.855198969996702
-3.570033005216047
-2.559751484027348
-0.7169052725531617
1.1737395502895074
-10.19444962645702
-7.365179176854836
-0.565956476531419
5.836314755465769
6.312003301270678
4.129301193363123
-1.5624284603881298
-0.6017946994366622
-0.36780542596330645
1.2586466111647967
-3.5209565082569547
6.668960133743246
-0.9274952072425396
1.6671935844801777
2.32246304002585
-1.2213385506446814
1.7312499314558707
4.006652943570029
0.9818665725188118
6.184953099331306
1.760539370192749
-5.450629274632125
-11.293865348416862
-4.515964949797498
-6.3103022182928195
-5.681516650283294
-3.909520521693317
4.522115024111843
0.30241747454091655
-8.517969504804366
-1.958543084102039
-7.460326239476492
-3.962600414115976
-1.1624140708306459
0.2643199069427499
-2.8941530819036023
4.138863346504655
-9.294526528537702
-6.624641536095918
0.09329929284313984
2.9680003843619795
-10.414573183143803
2.9093293242985565
3.143259243077654
0.8900975666393424
-3.5044621341933753
3.832167039163461
-2.925082877746607
0.9821720781543902
-5.2888155544440485
-5.41550279480044
-0.44129572334682227
-1.5240834040731186
