Нормальное распределение с масштабом 1 и сдвигом 3
0 1000
3.2364773501313246
2.1803247714184417
1.855754089260768
1.153230120357824
3.199804655045809
3.3266051139306545
4.49995587855576
0.949514822303926
4.019489429419758
5.361803962132878
4.103400295995956
4.049761875545766
4.449626888202509
3.4489209905881504
2.0893933203491373
4.75521471478403
3.8150286421777406
2.428994769218522
3.4880749489641616
2.003383343673508
2.720374444672607
2.019458557436973
2.233970488201899
1.1229781388038302
3.114380750897239
3.7790121325352866
1.5813680809923958
3.6654625533846943
3.3906262699097534
3.260043142570795
2.4410131607160506
4.019835818661232
3.34815408645533
2.6949467093749546
3.1676756758892237
0.8777812799505837
2.216937220761918
1.4874969234587152
3.3024840057175746
2.4346544530172833
2.5044887966151936
1.999715996844944
1.7338863930006279
3.518074011196209
3.11131823723151
4.205400745488019
3.3397003469699977
2.0681182318784854
1.7488362280541319
3.6009073385771937
1.25226986765014
4.025869400205215
4.849179500163183
2.3532669545814664
2.6882881884327534
4.163475615097022
4.0669656902156675
3.7945915896958797
3.5841012090877697
2.541035424822687
3.596370989621185
2.3211728139923924
3.5890395069897076
1.4124373085279918
3.5162798215829376
1.9003748411174948
3.835769933838894
4.6547507346504435
1.9859378115766357
3.152954716472578
2.1267083857566185
1.946042149117898
3.353722496018287
2.984528602873168
4.4193510035311
5.523038682373178
2.5688014354903044
3.174335817136678
2.749538712045858
3.5976280419646267
4.230025330333106
4.075279557155051
3.291198078811404
1.123433086413607
3.771414030748633
3.729704682406128
4.185106059501165
3.205257240324555
3.039978634586764
2.128784892475606
2.9060465010964927
1.4210235757945098
3.653252635615786
1.7393333931928987
3.4023722762824473
2.2787677765848664
4.146999131241295
3.7756370593498336
2.3163593491603525
3.1067230889183475
3.5936554809292316
3.024065381510564
2.026167322149716
1.7383376163317272
2.571673641568176
2.0723846786976052
2.8677306570497207
3.813920369102234
5.640019971387829
0.6998361208114003
4.044730871082748
2.9320688998585496
3.4339424034320505
3.2977133585923677
1.372472725670432
1.7805090228312137
2.1279605360967913
0.6561592014285651
2.4773882443058732
2.540315921925048
3.408374654888253
3.140502530870433
2.5084354019341517
1.511928069405134
4.009757385794379
3.663291996505522
2.2704165079690934
2.4565712920802873
1.143913897500129
1.2186136129213339
4.573384018620528
1.4128258999573813
3.291493180274635
3.2400897810602216
2.1943908844860087
1.540712240664497
2.5223717701578545
1.367384400224395
2.479875648203896
3.084450201584659
1.9801137386352228
2.768300739694498
4.069950814681615
2.085995107151277
2.8466813827529114
1.1828440098629087
3.494393627461749
2.7054725944225138
3.2873928185979118
2.986814372234964
3.707237712108874
4.036518300001838
2.8765847724558493
3.3018881154752626
3.967209915124551
1.523413395798607
5.327258789670947
1.4092709406029222
3.2241190725989464
2.027049657393027
3.0020604507148145
2.035948903056032
3.4582041163776176
1.2620141952639732
4.56704881964938
4.185486735432898
1.6633572184031813
2.025037297598581
3.6645201931631854
3.4835376758313985
2.4786373330073515
3.055368769111995
3.234949403776973
3.5204481519070354
3.1437335128503583
2.152147738380047
3.6149119299929526
4.892415469090128
4.095099669893158
2.5033531882024884
3.641543525593474
3.0623763346780004
3.6991721005089238
3.2454202787235014
2.4461620296505537
3.9515443823260896
1.5123366140791563
3.2846882280685405
3.442171402479939
3.3612202340896316
2.3211879808031757
3.0169366080763127
2.9661378042081625
1.8070570662054126
2.136539839370341
2.4168099219383214
1.6912664648203304
1.8613047883242657
3.857548887076152
2.2001459700399
3.6657343342782
5.15406385017141
2.61176590030879
2.381030839952803
2.7529307232330393
4.421576495688421
3.5906378882519125
4.015862546056814
3.4752269465317687
3.490549179047744
2.8628757760419727
1.4141382789560215
3.4970712457556363
3.84389555489589
2.6884071893079957
2.96505640827242
4.901948576744055
3.205666074891371
1.4671104252498177
2.941574151871859
1.2980127021201957
2.7519351966118624
3.6220431748960022
4.220001618236662
2.0709161598251242
1.7597685643399725
3.1554544519761496
2.044859718169003
4.332003569254314
4.813335927110522
3.34244220321774
3.5457399268367205
2.0424113258271586
2.93795795490233
3.242842321656745
3.439217475049253
3.501139805409668
2.3219407887485355
2.256738852985498
3.437868341062671
1.7726484553490092
2.2370225996486766
4.459720599488871
0.9016449809257243
1.5640710140466552
3.310207776334232
2.8857391639075054
2.43192289698609
4.100879083158946
3.3239307114534578
2.54509922481738
5.006832972665762
2.893585704167351
3.2638114113811456
3.592541419682713
1.2854954230410307
3.2199858163883497
4.519132922675478
2.5033600629837935
3.503174477690567
1.7575401638596704
1.828865478065043
4.027406531080831
3.81609930688169
2.4171988235758257
3.632560296489139
4.244202322146158
3.5727077031316963
3.357627365789152
4.213336617973415
2.2186651296336306
2.3806943556748528
3.8932439329541726
3.5088687377026546
3.854481176692606
2.519033144564185
5.111589454005712
3.215348229520095
3.139890532993039
3.3588868403780707
4.32359774191271
0.8953798705532718
3.888372652915069
4.799715968345398
2.7390542724134974
0.7386931055841215
2.4034550031801443
0.8546929216414716
1.4185827465440803
2.646917893875796
4.0224689626431385
2.889041796441849
1.877309162567206
2.788029682596147
2.786549860782419
3.4094532529339876
1.6714553683759308
4.366747352828238
6.489032770738923
2.9293017750742947
2.7366215921731887
1.4271094678657392
2.492481861922814
1.5495430545480127
3.0859692043899867
4.2322157848549145
4.1558542466342665
2.7480171608564934
4.227177232446587
3.3691535775502244
4.191017667841777
2.2898951086210513
3.494420497701307
3.27169960388354
1.288158454135308
2.3640546251220043
5.797281116837051
3.839006126291084
2.3440079364199327
3.177859614688907
1.9477847782260382
3.6012560462843073
2.561497256706083
4.038376387948286
5.445051288003407
2.9803162746891894
3.2460765543260357
0.7735464361976985
3.676671386824596
2.8099550376329434
2.0551097364934092
1.656144051215321
1.6807859412364172
2.811726684595391
3.5223904600440807
3.6813108627470816
4.028647465376221
1.5192656756639489
1.9533637099471322
3.0063324614031184
3.633650236948984
3.4444077769804653
2.5079755556579717
1.5382912333668455
2.0531272169292416
2.0450430866854683
1.5666811791107789
3.787412434897218
2.684638410580521
4.922386084565916
3.1302042818239775
3.8561047201447294
2.9632376954465807
2.525163183277674
3.776932900827917
2.1727834593826145
2.871716805023529
0.939075715258642
2.5129573189240597
2.3016680317539624
4.137422828540531
2.717156955092787
2.82290848776182
1.769282877721358
2.2317695448628423
1.9559746394250617
3.045170526153759
2.679688883828349
2.391021624609693
5.281239078860918
2.2361922218764763
2.537657958093445
4.788233015784465
3.710157825625864
3.20600429503203
2.6582491996599247
2.3642891331681737
2.608795524087972
3.631590382981168
1.3734708102069677
2.8249951530468116
3.631441572981738
2.7468071078288174
3.154611951456348
2.141761150103044
3.3102190851140936
0.9526584048421731
3.4488056433319776
3.6765229591875768
1.5323251182170206
3.449775574449858
4.863667729282294
2.461165296197058
3.907267449881271
3.0164276195592032
3.526952841996111
2.774543247588799
2.375642699688619
2.735464106267477
3.976028169645977
3.1877636350422214
2.2527793547985397
2.461681077638646
3.6676823093033635
3.262029941808712
1.6705801676819287
2.823948254515153
3.1577757151214345
2.480033081885278
2.640046982482966
2.577443806471151
3.407412782871152
3.084273058466469
3.51920519739139
3.626539566197161
3.696648461829651
3.102379731084058
3.0686422789461094
3.3870636113905466
1.7663471554698875
3.746365226626833
2.39613980284459
3.2229591557346113
1.8871247342238275
1.5244202968565734
3.29375719765922
2.7294649383246785
4.1419735591021345
2.3504680567839276
3.5854421554470983
3.4679641462815165
1.839209650465559
2.496638817169247
3.173456339731518
2.2538851193540714
4.23678848668246
3.6500400658488728
3.4645696605509166
3.687173082294944
2.456736452144734
3.6301640545088514
4.4098175630153795
3.6189211885194705
4.764313560127737
2.6604792366055388
2.9150189330350837
2.874126581150399
4.05368992435553
4.416881668565684
0.2646591580258475
2.4499053694055655
3.426287276502852
2.6366832466199877
2.7078843268464916
2.9040666360726144
0.9008408073320986
3.4663361149492453
3.7302344281039925
4.126185531094004
2.961629166243105
2.834995657197082
2.0631440760873616
3.9760497694857087
3.822122112007426
3.937122023200873
2.4671475854407867
2.7441385065403363
0.5522024831496375
2.603611772996165
3.2521129834731815
2.7350709885861537
3.7473497150035886
2.634473754706022
2.898737145537437
3.813291637104795
0.6943840195723752
2.64434614037574
2.4194961615863124
1.6360301152295569
3.970109460931487
2.646813513034957
2.6671488348954733
2.299287165949492
2.9410046957046445
2.509492209482007
1.787591774738036
3.742581233380401
3.198126180563392
3.849428274274413
2.9672293458090726
0.5739369076430445
3.863672893719867
3.5440670307116657
3.9059552514900444
3.409555799029149
4.267926954786034
4.9264819480082265
3.491052287793491
3.5849910077090144
2.8891358358943346
2.558867455219728
4.10479731133032
3.8977440888453128
4.19912961794935
2.0312016275592595
1.7614258499685391
2.58448435442125
1.5775517249942426
2.30211488204736
2.740464312481518
0.7909454124863977
3.0484518864679395
2.3752159318584574
3.5689445376805953
4.374520693388882
3.1054124773349487
1.752448900351885
3.514039646252604
3.561784677006942
3.698352792994781
4.06949026315342
3.6451307000572433
2.18665990333698
2.9547764453469396
2.40346366078862
2.141584123056892
2.576028882639687
1.6202682131311827
2.096338764919902
3.313508321021561
1.5136604038927957
1.612984177057396
3.0769338701999565
4.063080736454342
3.6893832805611853
3.626877118526223
2.8767233431538015
3.379587744552712
4.2810583111929565
2.051423916727343
2.46379960250198
2.3321500524765835
3.3605550821754813
2.332500630050877
3.8056031189733313
1.6435944793025428
3.2891093473702266
2.3125245369048444
3.552447747454186
2.118079089190893
3.5904658291643097
2.8093046777284068
3.416739411272915
3.6542926334389567
3.002744107245647
5.046009641938081
3.3051244646462865
1.5251625093173464
3.352726884680629
3.0387154645815055
2.0635324529420247
2.336380752435077
1.8488715905485211
3.0601677385020802
3.48993028298147
4.015040747333595
1.9464151813293737
3.2927606626786106
4.39411092827228
3.95835574350541
2.6695348311528053
2.306426433001221
2.07666657643919
1.3599745517188746
4.06721575039629
1.4863076261472854
3.9889596635254287
6.483677217431394
2.6097947539488953
4.18223008951427
2.2914779860282817
3.6431069536054945
4.13585539993002
1.416085070435912
3.5365128841458326
3.575905966002596
3.209171402694859
3.4547334944408727
1.7742323264216537
3.41038056749018
3.818008691957126
3.4650555722159737
3.0071541296208397
2.5088292607668166
3.710868199837689
2.670753638824984
4.2688090223955015
3.6962701982990898
3.2693582858228116
4.425496448830055
2.9402250789783473
3.7848733774747267
1.0414251979007811
3.0415380399157135
1.4486138353053741
2.4721970769164914
4.377562406073963
3.0272903671564046
3.717646742886708
1.3898882001918744
1.0956236631965028
3.7351334347739558
3.80938897530627
2.776632768410484
1.6540923407863934
3.071132814288638
2.9972423165044204
4.460315922783778
3.2224630692463925
2.9837862653944414
2.9020443670751837
2.8189175946142426
3.6831392980107895
2.814462431675368
4.844568860473253
3.2673898643130834
4.688336233179965
0.3294774319762408
2.4430886286324265
2.678000162681771
1.1911462630639744
2.1706018280996218
2.944647282378834
1.8082712887162409
5.010245152931951
2.8893209931285124
4.09912710204358
4.700647268753952
2.828814400597349
3.460290553435274
3.3346126388571986
3.2569430341651957
4.010922057339458
4.148682021365536
4.0385217407223974
2.3894392688477533
3.196422608871239
3.5624633657597364
3.2592479836533483
2.8417824165382166
2.934549342120925
2.8328284763013016
3.3678675982804207
3.2359223487731517
4.289871894786252
4.304792387491474
2.9269245943818833
2.9980127447266387
3.916607565511649
1.5748357632331058
3.2932919585094176
2.9094402694015735
2.6656808481160295
3.1158288082623997
3.342623961508639
2.4013106795296784
1.1092374995620475
2.6331565186942676
4.210858039690601
3.0945377219562378
3.2805595522533744
2.023304440388036
2.3998245295320184
2.8278171000534296
2.0321540595422536
3.6682403273874065
2.517950604549993
4.2182787200694944
3.908677038521809
3.860939095548208
1.5124330365096512
3.8757577907125125
3.680387207341943
3.3797635596230577
3.40190864143604
4.272206863934592
5.434098634492427
3.570416786544924
2.207082740548416
2.528676570193694
1.4053195493111619
3.4526048782252405
2.394563516215083
1.1734319526681183
3.975540385514034
2.3200502716825904
2.134748918534993
1.5759866437812469
2.360968467100434
4.105199082681843
4.345709197735568
4.956015500462547
2.725824100308393
3.03641136093002
4.182508612819253
3.9239785915169345
5.093143379683747
3.4224922592872646
3.944154191727648
2.051327011378878
4.37136756734607
2.863887652972895
2.223623917341486
4.878362190367188
1.7329127898611807
3.090791899459399
2.713276535675993
3.3276093246003096
5.000483603258704
1.7919122599063209
1.7442462970171895
3.1467379882974433
3.133831863131136
2.6318011035506883
3.3499317649582427
2.094261279254807
3.567455827102398
3.8317445689812346
4.073319800774516
2.7467747356454604
5.732978677527786
2.9617882430621747
2.47426379424089
3.224485070589496
4.643559045626143
2.523764901100977
3.4008262057392282
2.7136297730308554
3.8344808843747833
2.178441917113031
3.163403871386092
2.9255773197097352
3.6272067098367025
2.846719494317458
3.819584535480237
4.5613667345055005
3.217334873727473
3.546152151466882
1.1742289929857992
3.6818581091700535
2.6269658189764797
1.4663827957660986
2.8451318413595366
2.22969563113902
2.9329429851335296
2.6374109051676835
2.6009195837447527
4.474702466649299
3.658957451564987
2.8687572380537616
4.46306187753976
4.6813831662767065
4.691932004118669
3.7521164620456537
2.476055731028861
4.518119515945911
3.8062248364397586
4.013768300744262
2.2992943194973834
3.1586652408268097
2.263567244557197
1.7899151698159976
3.3179753341218046
2.560339461634795
3.2804331204408257
3.3273886218555946
2.712111072471719
3.140729006699775
1.9159405252300044
3.526703028586735
4.240392503336228
4.337079711340455
3.9326465332165426
2.444304100685546
4.675685151142999
3.5917440194438734
3.2963339878900544
3.2908560422405015
1.4971195670597721
2.796130989260641
1.9536416580989815
2.435266258996235
3.46464102611478
2.63762462681659
4.140515920016089
2.305961723617466
1.6337416145520474
4.386496055888506
3.554514707367936
2.7023502564199844
2.725254852713969
3.4042492769925055
0.3475864275780487
3.221387346811347
4.270895657345435
3.147148082506269
1.2462851100168568
2.4586744229665163
2.5122429558713746
2.0464566983603945
1.3980238643656107
4.103948499979321
6.147054099867991
3.3101246686123664
2.675186721608557
2.118759883993958
2.252170525966303
2.2527072384293456
3.537841574983565
3.677612629411041
2.7032023541956733
1.368635903002932
2.2859957959594666
2.5032751456298867
3.9987242348695218
3.7091319741035247
2.070668062183344
2.75649887044825
3.929266316956454
3.2364685307695282
2.666671875104621
3.87003518411979
2.491404607088035
1.622494281920302
3.166730589077526
3.7824072196386065
2.8238190018644955
2.7652243893457658
2.1046965335873953
3.87080914283822
2.227704526469987
2.129906495282202
2.8314176895833816
3.376974175615353
4.692389666254583
5.163389897872644
1.6605029629851396
5.117318997548242
3.773284056229918
2.8595499165826865
2.4170523315545305
0.9266348617360372
2.4853640219160993
3.6520138945176313
2.831400572560267
0.7535366021228387
3.0134598338156673
2.511989545747362
3.877553917125498
2.13314661456534
2.0698694497527095
3.492647094885232
3.497063216893018
1.0062758317206426
2.6940920847997734
3.811806922977803
2.6267971786206594
2.945069792095549
2.6270434437818553
1.0535705825980983
3.0978315342006932
2.5236966072596445
4.148014761520099
2.243360134596781
3.3371517268013076
2.028067728248419
2.645061445027074
2.4698927226581233
2.597048454051256
2.9596685390374073
3.58619108389928
2.4339027466912815
1.7949426227256007
1.7259687086506013
2.708352413178229
3.3309245938577527
5.1811529427085325
3.508169084195743
3.278570704793509
1.6284067102280282
2.4839018189713578
2.9994795921778383
3.941981896034739
2.514537647550082
4.799759360124358
1.6580344965384324
4.10057463701193
3.616075610035843
3.1265571279863926
5.51245298733755
2.2783244295467986
2.4702231886863517
3.375845361238066
3.3952208925706024
3.9229257645027693
4.0500986239500545
2.4504002682106294
4.085494930198095
3.313050383924406
2.8419268005669505
2.71003200736888
2.2396296663264534
2.118182464846355
2.919884903130728
1.6815778479299852
3.490484845896214
4.286932662328421
5.144614388434998
3.8273052697409145
1.9875510071945588
2.726851745333174
3.1123212881013393
4.288616525118149
4.69702850594018
2.3819967619234585
2.9512269841534455
4.836667050179165
5.174098732691061
3.3537348676722605
4.507150819197452
3.1185335265134793
4.580054850672041
2.9659867315242736
2.184901118840453
3.3128288470036855
4.741792487037734
2.4194706897596565
3.775410383432355
4.25901962533412
2.931673885481532
2.536158021488259
4.606321944005259
3.1889978419494183
3.9001580079248828
3.143891669168924
5.412121411225087
3.032252963974918
2.073610905249001
2.875365041104107
3.136511302830924
2.7363524069182454
4.145160038332017
1.3879893278415305
4.091432535983818
2.797996652956241
2.5436193836442147
3.3274046454316895
4.208064162440744
2.9598311641252977
2.4358523179720057
2.9293604009802423
3.1731956558220755
2.6213897215162567
2.385554738596561
3.076803792949927
3.7245196022302633
3.4478152113394396
4.006376694495929
1.8827441439045856
3.574640291299464
1.3931753455149878
2.7211348238145017
3.0093710093377086
3.972222001092839
1.864959461216037
3.165419301801393
4.831530776561062
3.528531387433358
5.173741573209101
5.192857281951531
2.532705291832773
3.393810665286279
3.6824577112617516
3.938776835717081
2.0909126804626927
2.4348776476565535
4.1912355331782685
2.282195293898141
2.136626654264541
3.0681486633977695
2.6532380174495485
2.55071392721587
4.936845010348824
3.0084266360072656
2.2819736971971896
3.5577005013542395
1.9221112481753952
5.4140682473643675
1.048522066352056
2.980678704405479
