Зарплаты в Австралии
0 175
2034.68
1228.05
1504.05
1975.87
1542.29
2338.33
2368.36
916.36
1644.29
1281.53
1426.37
1351.88
2791.42
1141.1
2001.56
1943.8
1371.32
1741.07
1909.9
1859.08
2072.39
1576.16
2741.95
2303.59
1494.43
710.39
640.91
566.37
19.13
2688.22
743.34
563.22
159.24
1712.3
1345.95
440.28
2207.67
1750.51
926.26
690.24
986.68
1443.41
215.44
1790.59
2153.18
2229.8
1155.62
655.19
1525.28
2801.87
1810.67
2125.77
1463.01
1758.2
1673.11
1871.06
2620.74
1327.68
206.03
1154.54
2274.61
322.15
1450.15
2282.41
2235.22
1875.48
1331.55
1680.33
2042.41
1311.67
1595.39
1482.89
1733.01
1921.76
964.95
322.03
1749.78
1256.17
1586.98
2371.3
1366.12
1955.12
409.89
1233.63
1878.41
841.56
894.62
930.23
757.78
669.15
1428.71
2285.58
1347.3
1214.14
1432.4
1596.55
1817.56
1069.2
1655.39
537.06
570.33
1576.29
1391.42
2323.68
1723.81
657.34
795.55
982.71
1015.74
703.45
1013.29
1388.62
1239.64
594.32
1154.15
795.92
1019.98
1530.2
1008.94
1625.39
1987.94
912.06
2222.54
1358.76
1247.05
1790.03
788.91
2396.28
655.1
1496.11
817.93
1168.6
371.57
1775.01
659.35
701.03
529.96
1982.24
1349.45
481.6
569.93
1042.88
1673.29
963.96
1253.16
778.22
539.52
857.79
1330.54
649.81
1420.23
851.56
964.18
1265.22
894.38
97.79
798.91
454.68
859.04
130.94
1175.47
993.28
1041.32
1312.39
257.47
1344.82
1474.77
623.75
557.08
580.72
555.58
1110.13
1275.65
1153.98
601.87
