Employee Payroll (1000)
0 1000
18436.33
11500.88
23872.41
10772.31
1824.81
23104.00
20583.30
5807.39
13757.40
18860.28
23143.03
5441.00
15061.56
10764.00
9759.27
15958.20
12224.70
25580.08
3991.26
7574.52
8800.18
12237.20
20796.98
9985.65
7528.20
19208.17
16760.40
15287.60
5441.00
10162.29
3178.45
4106.52
6278.40
7116.62
1440.00
12524.76
17422.17
14395.47
16659.99
21312.74
19217.39
16923.08
16093.28
16760.41
7800.24
3464.08
11267.13
7630.77
12593.63
6065.28
7360.16
22767.83
16673.39
11162.54
16323.00
3349.04
12023.51
5792.96
18544.06
25734.41
9336.06
16459.02
15696.59
16352.35
6867.08
6118.60
28763.54
5012.80
16074.08
10595.20
2682.20
730.00
4290.22
21465.14
17649.01
13081.57
5232.20
25465.98
13456.80
13746.12
30193.04
4605.20
23038.34
14053.84
7301.03
13933.24
11457.45
20786.65
22079.92
16322.98
7936.74
7600.00
17131.81
8447.98
9847.20
11471.86
15303.29
3498.40
14418.00
10636.89
2569.76
18589.93
24826.37
18661.72
0.00
12063.08
22064.86
17256.89
20523.39
3148.55
16595.04
24254.01
7746.60
7193.71
20971.40
13962.15
12282.19
18318.99
14066.88
14706.76
18355.80
9757.06
3928.81
10560.06
13741.54
8630.79
11766.00
16760.43
5947.99
11143.80
9846.20
17404.71
12236.47
25051.80
11766.00
19622.98
17924.78
22189.91
6118.60
6529.43
23809.24
12647.74
29819.42
26460.00
21568.88
3568.80
16575.33
18931.64
13613.55
3077.38
12077.12
24925.12
16974.00
16306.02
4970.59
15188.85
16627.53
10103.86
5586.87
16962.78
16894.05
12247.31
250.00
11876.42
50039.88
17492.76
12534.27
22855.14
22189.91
10689.23
22191.44
12094.24
22056.09
6739.20
17673.00
14488.46
22168.00
6384.41
26651.52
4806.00
23858.25
25418.07
12656.44
34161.14
250.00
22732.00
6181.94
8732.72
5625.60
7114.60
800.00
19053.04
14993.69
22224.06
10987.61
10631.46
16599.83
14436.02
8029.56
11018.02
14066.98
16323.00
15093.18
15171.73
10770.91
6795.54
4282.00
8276.46
10464.40
19443.69
5012.80
16600.45
13462.81
250.00
12954.16
10184.40
16153.84
13783.40
17239.22
11164.18
11836.30
3704.06
13796.28
16595.04
4106.52
9414.79
4169.20
9190.23
16000.06
13109.26
7396.63
5905.28
3132.60
11386.72
18355.80
17997.94
3113.60
20420.40
22843.26
16026.00
7352.20
14926.41
6541.00
4624.83
6331.57
16159.87
6692.40
22585.06
250.00
11036.45
10847.94
2876.61
20686.96
5809.82
11683.87
13738.52
21781.76
17803.17
23740.50
14538.15
23297.22
4733.42
4745.27
11993.32
17534.99
68076.90
14639.08
18115.80
31036.24
6902.58
7544.52
9406.29
3241.80
18140.58
11995.27
3355.02
19202.40
11154.04
3238.80
28428.86
16974.00
17941.31
13493.31
3462.59
13225.44
27249.24
18519.46
18150.07
10106.40
20930.04
4569.20
15253.60
44006.15
3271.50
5954.40
2934.08
2996.88
16300.04
11421.21
31533.29
15370.12
8166.84
22339.98
15502.65
11682.73
10168.30
18122.80
5030.56
26702.84
17422.20
19012.90
26460.00
6376.82
13274.97
11987.20
1508.00
16129.10
6858.08
14610.21
24466.40
14007.60
21617.82
9183.24
19622.90
12257.27
7158.78
6118.60
18115.80
10877.40
8371.52
9852.30
5586.88
19192.96
11457.45
8354.25
11994.02
19061.29
7914.11
9852.29
5779.46
21587.92
13264.86
5232.20
9262.43
14202.16
18599.29
33530.29
2356.58
16977.32
3659.80
13862.63
21211.53
11052.97
670.00
2979.68
16760.41
12884.03
55436.18
11987.19
12353.94
21462.62
26778.61
11379.59
13574.16
13612.65
22065.60
10720.81
17539.88
4806.00
14452.06
13591.05
22360.00
16578.04
13772.74
11351.35
18945.34
5658.00
9341.60
21825.53
22581.25
3462.60
13761.71
3289.47
17673.00
3603.60
24230.76
9524.28
16323.00
11719.22
6212.00
10981.27
9510.57
15696.60
250.00
2647.35
25516.14
125.00
27337.95
6118.60
5807.40
31680.18
14064.45
14623.23
15317.41
12237.20
14007.58
5473.20
22289.25
31387.48
20041.90
5905.95
17366.46
6091.68
7580.68
37091.64
14876.74
23806.05
14694.51
3749.04
31026.29
9040.82
3328.00
23129.83
11357.59
5875.30
2124.72
27357.72
16502.30
8461.54
16323.00
8593.42
1475.00
17805.85
7019.91
14418.00
18837.28
7911.81
6858.68
27003.48
13209.08
12656.46
5807.40
7568.33
7223.96
27063.73
6082.00
19653.60
14933.25
17018.09
11173.76
12209.09
3114.10
13037.98
19905.69
16760.42
12068.82
22837.63
3016.00
5489.84
17001.35
19983.80
15696.60
2720.50
16247.06
9967.80
16496.94
9853.89
19916.41
20151.65
18355.80
19147.01
24900.00
12516.09
22420.00
17086.49
6752.05
1272.57
14487.56
18945.02
17612.74
610.00
4565.70
13195.05
13913.27
5491.31
17728.75
14150.39
19622.91
4178.20
5625.60
3814.70
16974.00
13019.64
14427.90
16738.75
9040.63
16311.78
5625.60
6048.90
250.00
16768.31
14772.32
6967.84
16269.43
26363.21
1853.28
11113.00
8338.40
9490.20
6151.07
14749.78
12542.78
24735.79
7604.22
7423.07
18115.80
18115.77
305.51
7116.64
12569.71
6727.37
17503.62
5948.00
11299.41
10572.42
7906.60
26724.15
10553.07
11421.67
1280.80
21143.09
18838.58
19217.39
14028.91
8069.70
10818.38
14934.30
16323.00
13469.29
11841.35
1342.26
6638.86
21007.80
3090.15
25900.31
3154.09
17422.18
16762.69
17022.65
14770.78
12144.60
19983.79
3355.02
22365.42
2950.67
16671.40
104034.33
12020.65
9192.40
14360.90
67106.43
16814.91
15218.78
17263.02
6273.27
1970.70
3606.51
17534.95
19812.92
15016.29
12930.46
18424.22
1576.58
12316.05
24484.87
18376.63
2632.99
10746.97
20498.90
14538.15
25876.80
17355.54
8807.43
22301.30
6270.50
19217.33
3382.16
17534.99
5883.00
15509.36
15506.84
15761.04
5807.40
16591.03
12653.15
10233.56
22065.60
15472.20
13273.97
14880.00
16724.10
10464.40
9181.58
15436.34
10405.20
24118.66
20212.49
13757.40
16924.85
14420.46
15566.13
17135.43
14862.21
1725.00
13386.80
15965.80
17713.16
15059.01
34150.26
10612.29
4644.58
6510.57
18148.32
832.00
21784.00
6302.79
32907.42
12066.53
15565.78
23391.48
13947.44
5911.04
6028.97
11396.64
5999.04
23851.00
14488.21
24640.31
15958.20
27559.21
17613.88
10600.81
20532.17
28395.60
22134.56
22706.56
18716.14
18483.91
14058.13
13536.95
1886.17
17404.04
14363.02
5441.00
7996.00
10967.99
31355.42
41084.23
27452.74
20568.72
22800.02
13725.50
26179.21
23227.21
20387.42
24254.01
26657.88
18332.40
31922.41
17288.58
16033.93
11138.98
6082.00
32148.14
22632.00
16322.99
18219.66
11018.02
26460.00
15097.31
19884.48
250.00
14144.94
26460.00
30531.29
15711.63
17256.90
15696.60
29048.19
16724.46
20369.73
4923.54
16108.80
6752.04
21184.97
12526.54
17404.04
12846.05
68076.90
16758.50
12893.84
165083.31
11614.80
13581.02
28617.60
11882.22
5232.20
7857.61
3328.00
7766.71
11391.84
3163.40
12820.68
4562.82
11614.79
21759.44
12690.01
6296.75
15145.20
12142.77
14699.36
8331.90
8572.30
15452.96
19077.89
250.00
5031.06
28637.60
6118.60
12499.35
19121.39
17097.77
4806.00
3153.32
10439.54
14075.53
13374.01
12949.29
30422.72
25078.39
22781.98
250.00
20425.42
4559.20
6319.21
3100.01
20248.81
23002.65
16973.99
7984.60
1725.00
19542.40
19983.80
4491.98
22632.00
14766.92
5441.00
33755.40
17649.01
15064.00
24774.01
11812.98
14791.07
6795.53
28172.48
18424.22
21692.28
8433.55
20494.40
23368.00
14603.93
340.50
3614.93
24491.40
15635.38
16153.84
11402.36
14701.92
17422.19
16459.02
21144.72
20023.77
17247.63
18260.06
10690.79
59241.28
12987.53
3073.50
19170.19
10882.00
12543.12
10608.64
16578.00
8184.51
16059.49
3107.36
16323.00
17297.35
19414.28
62797.42
13933.25
250.00
3328.00
20718.16
21965.90
21214.70
22487.32
15157.40
13789.97
17649.00
14022.66
11473.05
14497.40
7813.76
2679.05
42290.37
6021.09
16760.42
4592.28
6183.22
22096.92
37031.84
26940.40
6338.12
8525.59
4852.80
10542.78
7823.20
6752.07
18714.00
33926.04
4451.80
4979.16
2403.00
5999.04
20988.44
19459.02
13274.01
16733.84
4829.40
18115.79
12361.33
19531.80
6692.32
8000.01
3183.60
1675.00
19217.39
4585.80
16323.00
10987.52
18694.78
1360.80
12656.45
10464.40
12023.42
5441.00
10848.73
16595.04
13597.20
2695.68
15269.49
14668.23
11337.04
6752.07
11528.01
12654.26
19217.38
4729.80
18007.10
14057.55
17069.36
11720.08
25411.62
11154.04
15023.00
9182.99
21364.88
10761.68
181297.58
10402.58
10041.49
17673.02
16276.60
6925.17
26083.94
17649.00
8338.40
7251.48
125.00
10464.40
15593.32
11875.73
25819.17
25304.36
250.00
6554.40
14658.01
18904.48
26076.90
14387.96
14418.00
4574.02
25224.09
12784.40
7996.00
151789.77
15696.60
18683.28
13474.43
12656.44
17732.15
5736.66
22648.00
6326.98
17424.73
14027.84
15942.40
4020.00
8800.89
6314.61
10402.67
19192.41
5304.60
11716.65
3578.40
29733.25
4580.40
73433.80
9443.60
14022.61
12656.44
28094.24
20248.86
2652.30
11423.50
5658.00
25940.05
19217.38
32508.72
13974.88
6082.00
15509.36
4829.40
10696.11
250.00
6886.62
16322.97
4580.52
14203.43
4316.20
13099.27
19217.39
30122.90
15103.30
27912.49
4564.40
12237.20
3832.80
21784.00
9675.59
15650.40
36308.14
13795.06
8546.86
16673.39
12140.79
10062.58
5658.00
15802.07
19217.38
8264.69
13010.47
19230.76
16974.00
4574.00
9989.89
23538.48
14658.30
12455.39
23081.95
16323.00
11876.40
11536.81
1261.26
10182.86
10814.88
12077.20
10999.37
8256.30
11614.80
17918.66
13190.90
17844.43
16108.80
11994.22
250.00
308.18
7153.49
18751.20
