Employee Payroll (100)
0 100
18436.33
11500.88
23872.41
10772.31
1824.81
23104.00
20583.30
5807.39
13757.40
18860.28
23143.03
5441.00
15061.56
10764.00
9759.27
15958.20
12224.70
25580.08
3991.26
7574.52
8800.18
12237.20
20796.98
9985.65
7528.20
19208.17
16760.40
15287.60
5441.00
10162.29
3178.45
4106.52
6278.40
7116.62
1440.00
12524.76
17422.17
14395.47
16659.99
21312.74
19217.39
16923.08
16093.28
16760.41
7800.24
3464.08
11267.13
7630.77
12593.63
6065.28
7360.16
22767.83
16673.39
11162.54
16323.00
3349.04
12023.51
5792.96
18544.06
25734.41
9336.06
16459.02
15696.59
16352.35
6867.08
6118.60
28763.54
5012.80
16074.08
10595.20
2682.20
730.00
4290.22
21465.14
17649.01
13081.57
5232.20
25465.98
13456.80
13746.12
30193.04
4605.20
23038.34
14053.84
7301.03
13933.24
11457.45
20786.65
22079.92
16322.98
7936.74
7600.00
17131.81
8447.98
9847.20
11471.86
15303.29
3498.40
14418.00
10636.89
