Нормальное распределение с масштабом 1 и сдвигом 3
0 100
2.414354935892667
1.5138303134757747
2.7088161665365478
1.473420744949132
2.47124817282226
2.9237140164175113
3.534903683605961
1.6904157493186591
2.8456312697279014
3.68081786948048
3.565784792469506
3.050846280113134
1.2653241814601033
3.396541440452602
5.214567020929322
1.208673952564946
3.884809838056595
3.058222018969159
3.035467070138304
4.006337040731773
2.500712634124013
1.531753510066236
3.88695848308365
2.6922618762948862
2.890627242298019
2.9635660143112563
3.677859422055322
2.913658134187745
4.0083427640322125
3.8948550939836526
2.48823974537558
2.3275168880057855
3.37051494066948
2.184010513861182
3.1533400320603096
1.353176586768616
2.3436857213172932
4.600359504937017
3.266333678901592
3.643077085748673
3.3316311948967865
3.8745256064207707
1.5314695040263442
3.915319930656052
3.1084007387689048
2.149630051802208
3.689924509051928
1.0751247232701486
3.5288495643427513
3.7815212156121634
4.1936744816568226
3.6194166518914304
3.8552021325042016
2.7592011282600892
2.230990537062145
3.2300672968639526
3.406791016501489
4.194328304384318
3.977070306339274
4.365262847849953
1.776887620933955
4.513073367929536
4.535210143857737
2.855001356373137
1.3896923257432094
2.837130909032973
2.581499537917221
1.1326111607956446
2.502287551556216
4.4926105077828575
2.8907326561328537
2.8855508831182197
3.3785977493793777
4.084697840540427
2.6654658667757256
2.3553647025787425
1.0635806879310166
4.548402619023682
4.777473741572479
5.143011163862457
2.589586849212022
2.2720671404211767
4.166720046484929
3.3800418436316693
1.5847450157509866
2.8023655953449085
2.5423248784571686
3.1499409742836404
2.4031877721561417
1.2130483147479152
2.0885870483793583
2.867935592355763
1.186598702613754
3.5087932878775687
2.684919547241514
3.3817852261980508
6.400577194058339
3.089047424951273
4.2220032855913265
2.5761691203041397
