Нормальное распределение с масштабом 5 и сдвигом 3
0 1000
2.285310731384623
3.93179762833722
3.2652302662741013
6.965835561243666
10.617899428345904
4.2667357083885635
1.0797488462114058
4.138354791828179
3.3456430347321953
12.945199378128434
11.666277666670569
-8.12278112116346
4.407915724296678
9.272912792861014
3.905634784272926
-2.6560504301184427
4.918240829801536
-1.0291319121020468
1.3125809117268343
2.5208286506200617
0.10267575468268042
5.2081751538750884
7.309152899378726
-1.353540000751189
-7.078247463664889
4.266185894564576
-3.119564088884016
-0.40804827068132044
4.538679597266772
-8.295937320795336
4.316603254195327
-0.8739579319338873
7.22800627059147
-2.2094631031907745
11.752226586547705
-0.3835522194881822
8.59326398891121
5.513811909047309
-0.999584710009529
-3.438191809173839
-5.025224708293278
5.881279770560472
3.098948643926352
-3.366844714690454
5.733850477258081
5.00814841544376
8.0154481439001
1.929374404905769
-1.2942385140134292
3.7156982569171584
13.650961966373082
7.830187496623941
2.9054575564526828
1.97400854849304
10.25649602068962
4.368383070155683
7.631754931468874
2.8796847572969178
0.4404319414040776
-0.718640625847009
-0.8575019758793654
3.1206344736968363
6.098952928242115
-1.2942473793354443
4.382204447657125
0.06259219888907763
-0.599911924572154
9.723175045913283
12.295846754061344
4.8625281045911155
10.499935414890565
1.2293268442066514
-5.950362174623637
2.668023132608916
6.690281578926998
7.6676576985582905
9.464412413163057
-2.770284359508098
-10.503297429338874
2.1455806662169223
2.3327256427103444
2.2251586751088848
-1.8898121085215491
-1.716291036996938
6.738827048023087
1.2449823960809308
5.556629219637386
2.6659707017890035
-1.0429853924939305
1.4166698102036221
5.56010011899426
13.00201581748777
-3.560922004600245
-3.005093911310164
-3.451906906097374
8.869519986602718
11.569711729240048
-5.035115632374685
5.195801719687276
-1.339818232063843
7.402005713092476
2.8868967046369365
0.08355558446199751
0.7686723960930446
2.590793628776451
5.977415225214484
3.292379409750102
18.30487817486741
0.1503416326368292
5.367411561811472
-4.997218014623341
0.6766405827104567
-4.657531217615105
-1.640601612992425
4.802271476935745
7.134871492684394
-0.15889532531135853
-4.9879865646488915
6.0413633018639175
2.8209776336693526
5.660077071587673
7.753472447819948
2.677966296419753
-5.734096195471025
0.19747489084418657
11.974299876133033
-0.7318259473212616
5.658871423426924
-11.69510033767987
-1.402625888133496
8.790977930826681
6.512327774875153
-7.602587308092728
6.888503706140439
3.891373090467675
2.9493625881692993
-4.262028136103977
-0.5803835260605901
4.1968453786198285
3.781114449396919
-3.9922452184892183
-9.06230194025212
6.48344656614632
6.9505910068300505
8.102155190489082
-6.591118270002395
11.997200946785416
14.800148630272078
8.188741048192263
-5.912284684318589
-6.136818948827743
4.490133881512989
7.716343639815011
9.037214103788806
2.9635696106124585
0.3794490023042454
-1.84871894235659
3.6964928630842566
-0.18726712756746133
6.374809810998702
1.0736012431220718
5.814688980244281
1.7049616289122675
5.384580150702781
-3.711182544282667
-6.718431083752874
7.2411841303901525
1.3288650442142371
-0.08928638910971731
4.369401526504254
-2.8677589866150974
2.5942865052307638
6.898869378475629
7.397240543521314
-3.8742776673629926
0.6344360957749742
5.550547194885384
-2.9492356794010455
13.153124657069592
3.436184503734512
4.047045029163384
2.2960347039866207
-1.573051232050827
-3.2498128779008617
2.117853703485727
6.946951115454341
4.156675786351119
4.523072577386027
15.802212128134482
6.287331757480806
5.358466051819387
5.089632488551951
-0.22433257614277036
-3.273071504647202
7.77349829227564
5.28722314006206
2.4905771354906943
-0.47376038791100683
0.6610797940590505
1.9066140247334173
7.205279050010028
1.2408209455995574
7.27350073726726
8.082586515185072
9.627256169659463
7.402517437828256
9.690582208873387
9.613777756379555
13.655923282654548
2.391499039623321
0.9492286412677
0.097869878541057
1.4119120372976326
-4.260568686429858
9.397109969549106
12.380531932605496
3.8676871877812324
-6.025332438939193
9.86056578657107
3.546512018789405
1.3631800380797094
4.6542765278296905
-0.6774812278359139
1.6555924482741906
0.019995633210556196
-0.41029330359725513
-1.475663806010914
-0.25406495969874765
-3.3972810272286083
14.305394326416637
7.893770901714844
-2.481351345862816
8.395655403441475
2.2536341285345665
-5.007932354948849
-3.3982453616092627
-0.8387686659168345
-0.2547828402882546
6.333281605306038
1.461594315414249
7.5656004912000725
-0.3771701799825067
0.5746640849298497
2.904103417679644
-1.214411165973802
-2.3288460924321157
4.708055438150737
-7.020865047816226
5.599116870614133
-1.8889125117051497
10.592700465246978
1.1839792729716256
1.516296480301133
-0.4248088097203988
-0.8810599803131036
-1.9053524063003948
0.8540285161334698
4.089753240655019
2.4019199725091895
-0.22840244297292323
-1.9402122107485509
-0.02181449495956045
2.105146670393676
8.812663232565177
2.3508448501062795
9.61396871655878
-0.10005221160617328
1.8451741953596126
1.788158284541582
6.879276146452309
8.582147878441425
3.827163767854003
5.383965277105463
3.2455418755520906
4.017288984986356
2.8537644086665552
-2.6961309188715603
9.267778034409291
3.0640511965180988
0.48991462960960686
1.7386600832730852
4.071777029486296
-0.3897975240902656
2.5692063345095195
1.281851492253622
6.283423538991806
0.17289757061649702
-0.1994126004567529
3.38918098269758
4.085273115829413
11.309602959068615
7.15133530755311
8.208630913067278
-1.6697978107079932
-11.420017167639593
-3.6815721951480693
-4.9407240791759115
3.1126876363192206
9.829129655688725
9.42397483677943
-3.713742548654497
-0.5995655227175494
1.3709499469191528
-5.043668224669425
-0.33811572726828887
-13.75009823846591
2.6009824962339936
9.506029415795396
1.5798621893236136
1.2183068092489895
-1.485386088846309
-2.171926327979831
9.619608797826078
8.315456542654633
3.4629773396435426
6.18897704985654
-0.3963603677019245
6.699360169930116
6.529581498641329
-1.389425235465291
6.277754503663539
-1.6312287298240031
1.8969347623270982
7.362834151887119
-1.4343250403544898
14.37686916517861
-3.7904472615383282
10.21187957202024
8.171449690222278
6.953633863668476
2.7699802517150895
3.3461426324230157
1.5938572858648246
-3.078738393299635
-0.291140887458623
4.525546996076109
3.903598549067201
2.958603130157499
-3.5643825318930524
2.6526136530923683
0.7489674122280623
12.246550618320157
8.600376579123914
6.448102222014476
10.802983863083245
-1.4881441264222692
8.260482651192774
-1.460585470201698
0.09060185990363312
6.543834774388339
2.2365339794854284
6.422322663894265
5.74070708180543
8.081308609128609
6.198214216986843
3.775676933687374
4.267759919294768
-2.349944176726826
-7.889252787484622
-6.062424064459282
-1.3947803839455606
2.6542304011830584
7.003297416091504
9.330982800898283
3.988051292644455
-2.3852754450804197
1.461345207998272
-0.5966844515080005
9.067641485933748
0.889977355331264
1.622314114650049
3.8471115888917256
11.933537524655085
3.321047376259142
6.1878464130874775
1.4459455908464307
0.14357518489204857
7.892100677691056
-1.105898525202603
-7.061247157110344
0.9890874925897184
7.644236794947173
13.251198953679605
-2.1497039200023114
1.8005812143351145
2.3206953288532817
-4.624572020982755
6.72550692696821
6.581338167279638
2.020976110296962
-1.0289386923364559
6.379818197004417
-4.421160866631896
5.308067222088725
10.815547334228548
7.290133152415058
8.853334693165287
1.840193786543623
-0.020078791815370867
12.589337317738867
-4.078540836961041
3.69938808183043
3.722481611021047
-5.816658055686942
-2.75656581635063
0.7551178475579636
-0.5242786973656308
10.832807161658373
8.007350803144236
8.06781953472378
10.584845847193133
-6.512533207903401
9.993615220367175
3.8315192222837093
-2.7361263873064514
-4.7281851957331495
10.36651143856082
1.2456420019158547
-4.014263253828373
2.276691595526676
2.610451506105626
-2.85379378113469
-5.095995223027497
13.336399385279705
5.67202467997785
0.2580863063883223
-0.5767520574390583
1.5606342724635012
5.028044662427874
4.1117409030766146
-2.0514621561847806
8.207139707681488
0.2161558764421474
2.696318837911962
3.8840286052682154
8.774606713232744
6.0547070146441415
-2.736517136095731
2.915655242476187
-3.113497251902289
7.4206900962858935
11.321628492565289
4.818007041956426
3.981148949102666
4.601657952703759
2.530019933102387
3.0520163472842543
7.956296248337672
3.3211425533308807
5.890952980396122
-7.230784127358847
3.9816053891136955
6.199187765233467
4.396059280090704
6.277023682368423
11.841534617609309
-2.1021808347917936
0.8931514578122051
-7.386564529277333
2.802428811673004
3.2268822649662727
4.388701810057723
-0.4824742775645263
5.1517199733318595
6.7813908078379
3.3226058078594147
8.394871477567591
-2.53595744753369
-2.368217189467571
8.998167487021009
5.092732689311586
11.399269032534098
3.074204699124633
1.7709094688753628
-6.093919778325398
-0.6802404044321597
4.459016628905701
5.838763433558116
-1.5023028971822745
8.589636373595944
8.365879020056079
14.367002538446657
-1.921754247575155
9.916690107293295
8.057816995543416
6.588617204422873
8.842401886367178
2.9058592784756017
-2.5331124460773973
-6.247644046496255
-2.1117071398941594
7.588173209160928
5.574943585249128
-8.014017275061265
4.400856057942525
10.908270994821294
5.849550771816472
0.035031793246609766
3.7716316928121536
6.809800082923993
3.7177725043145635
9.652433451063185
2.5167037231471268
-4.603955292195209
-1.6303761638021017
4.522602940564845
3.653425935480813
2.1268961307191896
1.9600189291303507
9.281041250286226
6.35863056345403
-5.7005393732440375
8.252373683880887
-2.889696201854191
1.2260122777629356
7.833779104076838
4.319056557859736
3.142368821797267
5.890988388158064
-0.21081060446667843
-1.7236619814036427
-3.1359977471485045
-2.0038720113601105
4.088339928205109
9.821253529363975
6.943208865301965
1.9182512679881463
6.581967521871607
3.6237040166461334
5.491995892571515
-5.738380252106634
0.2575047133929709
9.490455255728946
-1.4588336874141055
7.366721228716479
8.309704161396265
0.7804350577435795
1.0169093317330207
3.1950200448052977
0.6503564006794251
3.089486112580713
3.7837546127773773
8.382952331491968
6.012187028026991
2.2393653797924076
2.4752643972788473
5.838933836248165
-3.8777830261176636
-1.711978603107191
0.8314502481302299
2.3932591133139955
3.5558260062676683
3.7349428635900592
0.34968530889673666
2.7730652700734755
7.7864511611229545
0.06243537239264452
7.826506211761542
2.6962198618542392
4.592741174689557
5.031955013809118
1.5120066166249204
-2.460480241042612
2.1086433212055353
4.987439750250142
2.80581848528665
1.7565941842616901
-8.782686883948799
3.1953368877758064
10.222794287225359
9.121865739106356
12.743034038253596
16.837478099236264
2.904244363940513
10.37560972553456
-0.6046802700136955
-8.792903644896784
-0.5209719156103887
9.201423584677864
3.0414032971969647
8.727809273564311
-2.685633174168072
-2.393326353941374
6.481791506305605
4.420409185415764
2.399312831691455
7.769081463091432
6.578277316588032
4.9983431264960565
-2.012039871823789
6.553309228527067
2.266501501482262
4.109005074407182
2.1121524849043736
0.722940660601286
7.339712756733297
5.145379726454889
2.365335707376628
11.329011646434104
-4.660102469920589
7.888732750777916
0.996042301468667
5.896672806850308
2.6516155196130753
3.5112186285275797
5.100654556497011
5.766267750070111
3.3563936808532726
6.781129372050975
4.627045279406247
15.375174703670249
-0.570936180814174
-8.46370466095049
8.995784271653616
10.367221568333434
-2.0337136308944697
-4.198598408964177
-5.743176207809038
7.04435468608125
-2.4873939682655335
7.949094262391201
-3.060180897071624
1.833540256097625
0.08954377180253159
6.6695640231135815
7.6214562116803
6.775329944528501
4.5580807662769205
5.131215566870305
-4.294486096318891
2.457737105492574
-6.204942743740933
0.4013401206942211
3.995910775995656
-1.155531381701393
12.004613828801757
4.930949449754032
9.973078447960503
7.45998221184054
2.9167910988027694
5.333117261550669
4.6421368541522465
1.0611159125287715
-1.2320605376369516
0.1910791116075541
-3.7674827010344654
2.1434941690437146
1.578562408349456
2.4746477539946117
3.299157286585638
6.599531634150273
8.003773421260576
-1.03123746967551
0.8760119310926817
0.22262997631327552
11.2767289886111
2.5124689621980916
3.120483515699399
7.647845796818058
0.3118321724714401
-3.631581442932161
-1.946625844014016
3.1979432597768933
1.9643060403787282
-1.5437137192956447
4.368802217832153
6.1694175545916945
1.6423496620537725
2.4713415721681775
1.824317715905696
-4.896142733931004
-1.890923469414096
0.9829430312695702
-1.2314079128651088
1.391921131846969
2.7396156664595828
7.1100648068985475
-6.802337242759139
2.823476547123667
0.27389045333650053
0.9460963265261029
-0.730893876201189
5.716416697644562
6.658802076133849
-1.0989138071633615
11.457894855373183
5.963463755292513
0.47002472849020105
-0.7411605125137748
6.8869795572623556
0.3303299540061593
6.252740734105368
6.483863142173399
-0.6577322487119317
6.836436615942889
8.332360901848405
-7.0431328813341665
3.593453748860098
-1.3291154720801712
10.821422393740022
3.880058185976463
3.7638003280491494
-7.4621242906126195
-4.945380743051044
-1.095223258341881
5.3048402216022925
8.712712847544886
8.126450676718607
1.2923317527100995
-0.11947901820029783
14.39290543174262
-4.185847767611558
8.524904509737608
4.436534583385646
-5.111359707776
-4.171078398442786
6.6037179442794915
4.682614728379402
2.1169170469602125
3.4408563330694464
-6.497838907322453
2.5287678142039836
-5.28790763320432
-1.463053232434854
1.661691810033731
8.036522067905535
0.9632431805849149
-4.306713400723766
-3.1421976422921034
10.619867953745317
-1.9119149747494752
1.7877644633299201
-3.8588676344675843
5.203885806851949
0.21306614417459135
11.726928457991304
-3.940857976702958
5.550242697010351
8.099638316838984
3.8901882912682466
-2.009616484257693
6.579465056511193
6.289878316229913
6.6436028323531655
5.410253829801071
3.192994825483701
0.28066320466660777
3.9926484562330677
2.9077759562335626
11.178627332373615
-4.395465658209789
4.578673581273767
1.3416447080926135
12.526014780195247
-9.171978097359975
12.067455199827215
1.5996628267592232
2.7331805642325233
-1.90159442582359
-5.56101716920945
6.88955963621753
4.578038322646034
5.515028064368344
-4.07663199685047
6.433853959121121
9.123140670537135
-1.412934678518476
13.32011171102912
-1.3942726492956226
5.633061111458481
-4.004737350421655
-1.1675774074527396
-1.1043648401262285
8.718473882799634
6.448264686994786
1.4487520862755525
10.38104431626791
5.588792107194397
1.6012970047314332
2.1429223876074572
5.834281927813563
5.956967967748322
6.603921614541739
13.941840626507993
2.5670034194633153
-0.7487839311912285
0.6722473749124327
1.1706894767307099
8.310206061424182
-6.100739458015131
-11.336682974754059
6.929397300175612
-6.240470639150143
9.646665443999122
11.617746150908218
4.448575600049061
0.44413457240881415
1.3475996122208507
6.241646065521085
9.044935027577896
-2.641283632418653
-1.2473486691126148
5.929194899786991
5.987821529428322
9.83539955882009
-4.838574998619196
4.610752758752881
2.645634287207745
11.616027546103497
2.827363296283705
4.697937151967068
9.10631853873355
2.2206715476393444
-2.409887368693572
3.4854623961836517
0.9236101525075466
1.8589711288707294
5.936531679109595
-0.5536510714995151
5.785029752365858
9.78836511890799
2.223501858872072
-1.1856523597920399
5.125244609132907
3.399508991328709
-2.4402664973128436
10.879569487558864
-2.4630412486383495
0.23216810469205118
1.9094978876843636
0.7381992839455096
11.990650512473302
8.097941503305425
-5.456861223393833
3.65184531674394
5.411391269108475
-4.367072353074825
-0.14509234264156579
2.40823281535352
6.798644906745493
8.89104823329815
11.79617922183768
-0.724263458760718
3.8930837442440147
5.538216231148429
3.466812292961679
4.72975243164505
3.2064945878752087
-8.78978816910062
11.018366539860533
4.4088926770976435
1.8597037591788648
6.320424771558695
-1.707912199628728
0.4992099436307278
3.7424593656024747
4.271285992697872
-1.7196562584284045
11.53488478655039
3.2454726954438895
-1.0030646142905324
1.7711861048009898
8.954587466619323
5.475733988821094
5.257065398505528
2.024626196510418
1.3486441970111613
2.4021396739076533
-0.7381243146809489
-1.401579628331799
-1.0683161728467727
7.249906027951618
4.377744358761563
3.715081191882464
-10.986516527232112
-7.291277612124423
5.9891788546577045
0.6436423436472607
6.834366331473393
3.419518569645288
-4.122568102010421
-1.3049283272969685
1.0537926550397159
-5.406225177728963
0.14959145441654842
1.9521188352242487
3.9290972673654148
2.0973118473339865
2.5976705546441585
5.46042136884526
3.8253395114293767
0.052024027352119084
4.442605252826601
5.948443233246051
6.0584591414900615
11.277457170897344
4.3330926439439565
5.710388367582265
4.824521520308691
12.450760386537073
-0.8621846151455501
1.1753940380156687
4.861018432978868
4.127843206384147
6.934291068670472
7.605182581572323
0.5247466868152242
-5.325408157799723
-7.879217761393608
5.950661433126484
-2.357175223329306
-3.737188222967867
9.64068279422695
0.2936521740161746
4.139267115740693
11.587940568570795
2.6767610442947496
5.198200170190978
5.1822389816843355
3.3741017937341256
0.23579670201480996
-0.14632086596520688
-0.32944571855996196
2.2942270459833147
8.35424124889898
-4.137750695577453
-0.5928333087827542
1.5175478454904827
-0.794365449573867
-3.528656734896802
4.18395908677457
2.6932841329228627
6.806316944953524
-4.176155024557885
4.462199466844731
3.580152932390222
4.339202097010988
7.753130454274615
-0.15036019101904818
3.805168309850574
6.810425301115482
-0.34685999592269035
-4.855505240057937
8.261357494525587
4.507746115016198
12.855607182915778
5.121530591477034
-3.0623217437084396
4.036163463893249
4.463814069953401
3.811727160058444
1.5198236552967723
1.1268867342107967
3.8537017310679014
2.5373730177672966
8.396399751037988
-0.8357328204502479
-1.6594446680983364
-1.7205257266269491
8.79585997256302
-4.225931544894833
5.901650643490167
7.4156372658487255
12.122487490129634
6.097609902582993
6.163542697094716
-1.3325477782163624
3.8662989431441854
12.731197266229396
1.161368696389065
1.2227479171859275
0.6420476332203076
-0.14874605385562267
2.118177890528552
6.6980252639201705
-0.2435239092050412
2.251989314323621
-9.996282995535541
6.024094728307485
-2.245444984871364
-3.230603755251426
8.54255029559016
-1.244224767412975
7.113126051240858
9.697149175821837
-2.6819672809472745
5.766870176480303
5.073224894704749
7.95315634903941
4.9711126386105615
0.27265746420678605
4.082584204925238
10.658775079408453
-3.6892576402321957
9.1496428621141
5.992718203036192
6.689681638574028
13.996449632611707
0.5595080059854309
-0.42800147655521537
