Нормальное распределение с масштабом 1 и сдвигом 0
0 100
-0.7641466652069682
1.3299358046013743
-0.482170782123766
-0.5182210589699947
-1.2237290351837564
0.37332554169394083
0.027249542137269364
-1.6365202692450838
0.9905973885262548
1.1785838885004254
-0.10760245757752616
-2.507286259147616
1.34874627016132
-1.1086824295696007
-0.399553276680779
-1.4318319502118424
0.8921173292297351
-0.37815027807152624
-2.34361508025624
1.3225674721615692
-0.17956275392398244
0.9121348053979996
-1.6298911841998915
-0.4398646306848818
0.8526134748206879
-0.4019210126217381
-0.20624980913992624
-0.5576516678855304
-0.7685770518552287
-0.8946923245468827
0.8104524709566636
0.1394695922589869
-2.0868596419623224
0.04249447853662155
-1.0599360087379461
1.6848658292257002
-0.5555767599948022
0.6564293143102319
-0.8041681016786469
0.05001386088559648
-0.6239565971632695
0.6698042023745627
1.7739776443328692
-0.9181985848491958
1.430137050539521
0.02960103752268773
1.8945064037369346
0.25146567798540786
0.20034400192522964
0.9020787070900256
-2.2328271597563116
0.33481539997287196
0.4228161668684262
-1.0187105403479424
1.8135458659736072
0.2817240426745912
-2.1000051482979925
-0.20030849812943205
-1.0123542587009031
0.5422254740244633
-0.2973598416967315
0.1356240429778418
0.8648401506240149
-2.2839075271722877
2.167131110771977
-1.5851416568340189
1.087713869759719
1.6967656915316685
-0.17803204742206025
-0.6229636249058289
0.47167724692201796
1.016108132687874
0.22350897747856865
-0.9233934471172918
-0.13204553078174924
-0.20907393318543369
-1.404476733260772
-0.585514393310235
-1.3963541823963004
-0.6460030999198986
0.25981913931406286
-0.1544150262568742
-1.1397793528124518
1.3007305021773825
0.12420474030177002
-0.35444006935205985
0.400783738413005
1.1802716329691514
-0.727444110525507
-0.9124196135049576
-0.8220061778336158
0.7477119663249505
0.6559632642578945
0.33428413289948405
2.0133277695642553
0.6797003696799926
2.005077327166151
0.3534276695192362
-0.1776867064658875
0.40324585551827025
