Нормальное распределение с масштабом 1 и сдвигом 0
0 100
-1.3636176499331336
0.7862473650798119
0.7022349171528712
-0.3709416598409809
-0.5870727181517978
-0.278793305157823
0.6597993242083261
-0.7836131514771885
0.6796987965667037
0.3350484415532217
-0.7079837768562182
0.5996423144428723
0.2518270757483585
1.2608286398259003
1.2721929222108053
-0.8419255676060584
-0.36018174550560716
0.7382903849551301
1.268618492545231
-0.5119489878335513
1.285868446627372
1.655427064476747
-0.0693842825103695
0.09578475524310444
0.8365774186421197
1.386137883803943
-0.017026847096403005
-1.4085718732027461
-1.2181649288121672
0.5966409318235742
-0.43265963935556084
-0.6019290623983249
-1.0652400420092802
-0.6017737299396527
0.03774669214810262
0.20376857849598037
1.067867340785076
0.6517472020278869
-1.0739707714322824
0.6838838387022554
-0.5590719790220847
0.6474187941167294
0.35371351953054114
-0.14282411686812935
-0.661739284392397
-0.3654074433161466
0.8548495540318467
-0.824128715894489
1.5477185879052744
-0.7781537034388918
-0.3723835663165514
0.0586519419144262
-0.2964360358094632
2.1681731709917695
0.9507890732637344
0.545850147104715
-2.195980027068307
-1.0750249113976826
0.9005275970001795
-0.7191177960141031
-0.6052191337095982
-0.736280846629311
0.6220168777669483
-0.5895916824876483
0.30907339691833774
0.6417877915297505
0.5603140119060567
-0.2795751197609759
0.9030661331617406
0.9845686509855514
0.6489408439822836
-0.05870746874089019
1.014419538137832
-0.9162924943434672
0.025919345509544927
-0.018813786941901115
-1.7101257465375936
-0.19536506376989174
-1.0489919875064575
1.4290767869123964
1.134314717846103
-1.3970229019474336
-0.5519669896867408
0.5430267517477146
-1.0538306268096038
-0.11800863603741056
0.752382753678375
-0.9144041336255603
-1.1377024206617408
1.3346999524631424
-0.5015277999987904
-0.07333369179657726
0.877013870586832
-0.024474720177958993
0.7015684276536727
-1.089509600593837
0.1698188486097893
-0.7684596402013141
0.8393117237307456
-0.3528824931060795
