Нормальное распределение с масштабом 5 и сдвигом 0
0 100
1.7719766035828866
4.867063455152199
3.074632323719602
2.6776893092294607
3.007218136822885
-6.847773245524245
0.8111953999938988
-2.5907415381579693
-7.308818979072055
-3.0044503157713014
3.2272719460680337
6.162350230320101
3.7487978383451677
-1.3070876015839341
-0.9415455248578417
4.908402657431183
4.883364751104475
-2.638218026423087
-2.466359153750891
3.697078212489777
6.818165203897468
1.3289918398613554
2.5797185371698275
-0.5956550516473764
5.54846565414611
-4.912165618821795
-0.40830345352846514
0.3548616452991643
-0.867197901407792
-1.2552867251053068
1.0875516325883758
-13.099200086794735
-10.325607554981605
3.9227383220083647
2.489286296628283
-6.342237631068035
9.616824593180056
2.4704661006830557
6.663354737037932
-3.964910393564773
-4.82798079391754
-5.296566530032693
-4.692849691011631
-4.464858965473907
0.31822823975738757
5.475141339914699
-1.1442612009257491
-2.909514674513974
-5.86560077409117
-1.7965120672439756
-7.854130830437564
4.217179794698847
0.014897393765053515
-7.515402872803067
-4.609491590934023
-9.067461114818713
2.034999819704583
2.105622574196217
-3.9466018194837145
-0.6206808915431878
3.2185334616051406
3.382841579008245
-1.1649327263549303
-1.6585539178009936
4.970195782850652
-5.733320819214206
1.7361663060810775
-3.906765785427862
1.2939466506228898
0.5664323485550162
-5.739896912417039
0.5287413105356821
-0.33715906985692357
1.8694525402086577
4.875685663062537
-3.0385009528589393
-1.7387732468475519
-5.2443788067784025
-9.742056071644278
4.3949685949586685
-0.5453964840986688
-1.3294392468879768
-5.867725859024016
-3.478123003624847
1.2920221384751642
-2.768231218826007
2.052581309267267
2.5837725243157372
7.051328635792643
9.702352402453728
-6.355292490152716
1.0401076060222518
-7.418862651199788
-2.413990462555906
-3.385726150528306
-6.337227164214864
7.741309291942918
5.488562242434759
-3.4937461274659003
-3.0611862741936275
