Данные о весе 40 женщин и 40 мужчин
0 80
114.8
149.3
107.8
160.1
127.1
123.1
111.7
156.3
218.8
110.2
188.3
105.4
136.1
182.4
238.4
108.8
119
161.9
174.1
181.2
124.3
255.9
106.7
149.9
163.1
94.3
159.7
162.8
130
179.9
147.8
112.9
195.6
124.2
135
141.4
123.9
135.5
130.4
100.7
169.1
144.2
179.3
175.8
152.6
166.8
135
201.5
175.2
139
156.3
186.6
191.1
151.3
209.4
237.1
176.7
220.6
166.1
137.4
164.2
162.4
151.8
144.1
204.6
193.8
172.9
161.9
174.8
169.8
213.3
198
173.3
214.5
137.1
119.5
189.1
164.7
170.1
151
