Логарифмически(ln) Нормальное с масштабом 1.0000 со сдвигом 0.0000 с масштабом 1.0000 со сдвигом 0.0000
0 100
1.4510169174406007e+00
3.3461983908636301e+00
4.9537716715009128e-01
4.1475366666102098e-01
5.0057477278591733e-01
1.6265744668791029e+00
5.8644326035476169e-01
6.4755198839722472e-01
1.2013217749967247e+00
1.5895565677330556e+00
1.6118070004103424e+00
4.0895094911354868e-01
9.8748329873670115e-01
2.6934330059360030e+00
2.7479392753737841e-01
2.2554978831708796e+00
9.9815478350565934e-01
1.1393352811102717e+00
5.6774376034126650e-01
1.1652206679944410e+00
2.7945934513195458e-01
7.0465969867406730e-01
5.7779965152808499e-01
2.8555994394183184e+00
3.4824290822963753e+00
1.6326474288668036e+00
5.6726244076810675e+00
2.5889819745455780e+00
1.3107421419849138e-01
2.8102844333674010e-01
5.1367373049040266e-01
1.0300674233773233e+00
2.0019949927315226e+00
1.1838210412089840e+00
1.8834235015962848e+00
1.6314281457871784e+00
5.8233916962837040e-01
3.8480977634813893e+00
1.2153366257977054e+00
4.8078914607568910e+00
5.4014855923721916e-01
4.4358805264287843e-01
6.5186635943842119e-01
3.0261546436752063e-01
1.0276436812555985e+00
9.4094833525123143e+00
2.2736268443894927e+00
1.3486801468799281e+00
1.2534261527905037e+00
1.3506150045147762e+00
1.4523879567935074e+00
2.0419672929429220e+00
3.9606538373464367e-01
1.9902812410922206e+00
8.7181707660618812e-01
8.5785679119215794e-02
5.4717496562073888e+00
6.2164054054900086e-01
1.5821064410923544e-01
9.9329583485000927e-01
1.9701152507288420e+00
4.0443279993705050e-01
6.5235823065396847e-01
1.3337770289209475e-01
1.2256247682371944e+00
1.8883681995492478e+00
2.5546649454311656e+00
1.3052480768872861e+00
2.0621893121580669e+01
1.2245502318365706e+00
2.3014729963098470e+00
3.0277037612929507e+00
1.4878623848394330e+00
5.4162707241629597e+00
3.3707719750952198e-01
5.0169540310694249e-01
6.0190503205386536e-01
3.9577710663360244e-01
1.4037984461713093e-01
1.3292322446768956e-01
3.5654508278954550e-01
5.9557270519466465e-01
1.5970593485540947e+00
4.2569895596978136e-01
2.0798798564187693e+00
4.9873086367790970e-01
1.8306910225989497e+00
5.9464750394952870e-01
4.0961172507897894e+00
1.0476122142490053e-01
1.5222745350535576e+00
1.0486281871824294e+00
6.6939336406185357e-01
9.4806446397998223e-01
7.6363649405911516e-01
6.9146043760260172e+00
6.1718389818899255e-01
1.4069537102120804e+00
4.3326546656118596e+00
2.6301226673078077e+00
