Ёкспоненциальное с масштабом 1.0000 со сдвигом 0.0000
0 100
1.0360659923611926e+00
2.1754476164490915e+00
2.7602191239376489e-01
2.0999358854216943e-01
2.8033473012299998e-01
1.1605469376741782e+00
3.5208790391002209e-01
4.0338072821541121e-01
8.5042507065819739e-01
1.1346983288799111e+00
1.1502603232220536e+00
2.0532589460136116e-01
6.8314769759036120e-01
1.8270494599114739e+00
1.0338987097847654e-01
1.5702039051513652e+00
6.9167463636966520e-01
8.0272283265590860e-01
3.3640739650656198e-01
8.2272198974714050e-01
1.0666424672622704e-01
4.5122777302869349e-01
3.4483767041440883e-01
1.9171579163469139e+00
2.2437035038632689e+00
1.1647675747686730e+00
3.1865852154593743e+00
1.7676426256869973e+00
2.1302550076055856e-02
1.0777136542512421e-01
2.9122459020553504e-01
7.1706420869114140e-01
1.4114238900256917e+00
8.3702291903457737e-01
1.3343204460947238e+00
1.1639206362564134e+00
3.4864501142010934e-01
2.4202777358751768e+00
8.6112044977254321e-01
2.8442569725775608e+00
3.1330982014225828e-01
2.3338262254778278e-01
4.0700065413443653e-01
1.2328284217697245e-01
7.1514171044043096e-01
4.3828429404466078e+00
1.5812587816939543e+00
9.6123113141329508e-01
8.9002108252489942e-01
9.6266194793428650e-01
1.0370570215778232e+00
1.4369972113501739e+00
1.9501449508328375e-01
1.4038902243645519e+00
5.8959105237939380e-01
7.0513528115150291e-03
3.1099487075577725e+00
3.8163142226819313e-01
3.3147466582304018e-02
6.8779441149599563e-01
1.3908781810718760e+00
2.0170166236923037e-01
4.0741331631082928e-01
2.2219889226308649e-02
8.6895072238883564e-01
1.3375738065968139e+00
1.7478814354466317e+00
9.2894994345555748e-01
6.6945695054041288e+00
8.6813373057214682e-01
1.5981642572405843e+00
2.0101160317675530e+00
1.0625941646609647e+00
3.0884907416468197e+00
1.4898791323641219e-01
2.8126523765028294e-01
3.6506352347187926e-01
1.9478470067377829e-01
2.5112354400573793e-02
2.2037538442934216e-02
1.6393327959651413e-01
3.5974862392703100e-01
1.1399542742202140e+00
2.1883554657715654e-01
1.4610625261613071e+00
2.7880414228106981e-01
1.2994147727631573e+00
3.5897215484037720e-01
2.5349711250694034e+00
1.2106057196646940e-02
1.0871750705595857e+00
7.3175452371969041e-01
4.2169957677642006e-01
6.5149362478907802e-01
5.0039621892900643e-01
3.6276351956109512e+00
3.7788991678664835e-01
1.0040538771648713e+00
2.6408650120302268e+00
1.7911732608308526e+00
