לוס םמנל. ט םמנל. ס לאסרע.=5 (v=0.2)
0 951
4.4692948065922883e-01
1.6516512298806494e+00
-8.6447713680313876e-01
-1.1090450432832482e+00
-8.5067988596746402e-01
5.8777706251202533e-01
-6.4690970834827954e-01
-5.2339675495410898e-01
2.1879578975246433e-01
5.5915159877383114e-01
5.7642063426672618e-01
-1.1294162793726021e+00
-1.4995014774410016e-02
1.2744170678904436e+00
-1.8314977330374285e+00
1.0147725413363884e+00
-2.1987159207968753e-03
1.5544765561890481e-01
-6.8788344909561761e-01
1.8228800212359003e-01
-1.7930761653026672e+00
-4.1982342728839328e-01
-6.6564381543228479e-01
1.3675719485133233e+00
1.7337259452945526e+00
5.9242352148434740e-01
4.0935045041140663e+00
1.2138818558051767e+00
-1.7805881362615332e+00
-8.1675255119559598e-01
3.5268794322410646e-02
8.5351222984848796e-01
2.0122853578253383e-01
7.7373507252918994e-01
5.9149174007932570e-01
-6.5576186851879437e-01
1.9699427169501738e+00
2.3269239683001922e-01
2.8732722089797758e+00
-7.5156593039901087e-01
-1.0140618536249211e+00
-5.1520739756258649e-01
-1.6269626894298823e+00
3.2463910325682056e-02
1.0259130022070884e+00
3.5802399570257670e-01
2.6972355907043155e-01
3.5975891344381039e-01
4.4808327630791256e-01
8.7971108088800931e-01
-1.1763766183166016e+00
8.4577195390905091e-01
-1.6348583585249932e-01
3.8147999547187856e+00
-5.7397953981505645e-01
-4.9106331904933915e+00
-8.0080439214726112e-03
8.3237736757122105e-01
-1.1456031921482337e+00
-5.1427779533560403e-01
2.4279924059101435e-01
7.7712861401216404e-01
1.1938533021592510e+00
3.1848420480492334e-01
2.4174732597292223e-01
1.0429396633487442e+00
1.4661860416157513e+00
4.7761976205165591e-01
3.7358700111766927e+00
-1.4311855370159292e+00
-8.4773067649376022e-01
-6.1423285557459839e-01
-1.1774560195898778e+00
-1.3383975865940261e+00
-6.2748961769803469e-01
5.6499623213466776e-01
-1.0718226347441140e+00
9.0426766878826881e-01
-8.5555216751720953e-01
7.3715148376386097e-01
-6.2944097702997237e-01
2.1516831018292542e+00
5.0571083666144800e-01
5.6534659765577498e-02
-4.8257912157689714e-01
-6.3502020593805442e-02
-3.2242842535569571e-01
-5.8293322682312965e-01
4.0934036247142974e-01
2.3513156065348326e+00
1.2377950006465099e+00
6.9601611252569215e-03
1.9578443402553430e-01
-2.6730676368099732e-01
-7.5127823478439312e-02
6.0906387321938904e-01
4.3105371587889468e-01
-3.1937926618775159e-01
1.9747060862824678e-01
9.7408211977907222e-01
-6.9882845746451716e-01
1.0735577469206843e+00
3.4930950867748983e-01
-1.8137975212047525e-01
1.0019459852144186e+00
-9.0843357599892993e-01
3.1000781292339552e-01
1.5725057994316438e+00
8.3905920870767092e-01
6.1433254904455403e-01
-1.3292838672908165e+00
8.8485329638358590e-02
-1.3629028225025872e+00
7.6336548499917856e-01
-2.2321573279246198e+00
-1.0032882590572727e+00
2.7258600298576796e-01
-6.1107902740068741e-02
6.0116447068825844e-02
4.0335264929942966e-01
-9.7361471574937131e-02
7.2965971041834932e-01
-1.3798357286424674e+00
-2.5537698370913087e-01
-5.5628033922624354e-01
1.4648707025555496e+00
8.5966974216675773e-01
-1.5938978393740563e-01
-1.1860239568813435e+00
1.2674825348832125e-01
-1.3555886022631498e+00
-5.1534064588352035e-01
6.0756239959792935e-01
1.0716211158207714e-02
-3.2905382490364765e-01
3.2660718885053758e-01
-6.4600474991861390e-02
1.3451086204021792e+00
-4.4077874056833211e-01
-7.0442597316854505e-01
-3.4548350429106534e+00
1.8420419054422073e+00
-2.1267678082472649e-01
-3.2296182924870429e+00
4.6350121553395801e-01
1.6811043326410408e-01
4.1008182328708687e-01
-6.7208336443102079e-01
-1.6007284469986907e-01
-9.3754539224252398e-01
1.1995269750026133e-01
-1.3768733633858707e+00
-8.2007185831604101e-01
3.4299534005907006e-01
-1.1719598871636314e+00
-9.4271639125478146e-02
-1.3743251490782333e+00
2.5182027955061633e-03
-6.4578474807001318e-01
-2.0415565826357658e+00
-5.9848841478178805e-01
-9.9030364559471695e-01
4.3841326924341811e-01
3.1710107316048303e-01
-1.7312515243280241e-01
1.1320207222080079e+00
-9.3452929780731345e-02
1.0731103992489937e+00
1.0085290394632416e+00
-3.2438611989486055e-01
-5.0187646956082477e-01
5.2216629535966363e-01
-2.7477115268048808e+00
3.5180229247571648e-01
9.1813766579644107e-01
-5.1255756601695113e-01
-4.3057909590624788e-01
3.2714752820393289e-01
3.8408446855563625e+00
-3.4059725262516533e-01
2.8633192571088179e-01
-1.0776261318029183e+00
-9.3064478952610274e-01
-1.7108866560421589e+00
-2.4094691264486712e-01
-4.9713638190033754e-01
2.1902583487166023e-02
5.8924728684674577e-01
-2.5935582160569561e+00
1.0241152862647307e-01
-8.4452373567273853e-01
-5.7206238754565086e-01
2.7527181888106883e-01
-2.7580249469533320e-02
3.0938945458462008e-01
1.4018834789398122e+00
4.1402588461854544e+00
5.1001182299882530e-01
-4.3916276465392486e-02
-4.5337453720834525e-01
-6.2051043827496422e-01
3.2109528843486840e-01
-7.7203446518696017e-01
5.9999810162605960e-01
2.1811075809628369e-01
-5.9510555614532834e-02
-8.4849732616838380e-01
3.0966890727510760e-01
-5.0307222125566531e-01
3.2387502846103815e+00
-5.7726944635241784e-01
7.0158149198182673e-01
-1.6886701876427779e-01
1.3318748626033641e+00
-1.3414883534809274e-01
-1.1149518857932750e+00
3.7573151940517924e-01
-1.2211201538294851e+00
-8.6384357596517125e-01
-1.3775710617975775e-01
1.4621286582192010e+00
-1.0306425816687563e+00
-2.9918477656348103e-01
6.5212681783896231e-01
-1.3818831267771921e+00
1.1100585578746019e-02
1.8524368247552054e+00
-4.2383949423878509e+00
-1.2754991297734199e+00
3.1721100089514104e-01
-7.6799759900154682e-02
-6.6162209849240414e-02
8.1834303183052282e-01
-9.6215766674935421e-01
2.6107991017665562e+00
-1.7986057666973881e-01
-1.4586702349671374e-01
4.5188762198238713e-01
1.1369591773719016e-01
2.5683271148587576e+00
6.4632916205055524e-01
8.7234040700099946e-01
-6.8364620507815654e-01
6.7597432029291260e-01
5.0581124032991009e-01
-1.6528961630590902e-01
-4.5372523192060671e-01
-1.1398890832215078e-01
-2.9304940799026852e-01
-1.9198483939178684e-01
7.4259095808619713e-01
-9.2454238723877669e-01
3.9600464023903208e-02
-6.6125514610696834e-01
8.3064677275650622e-01
1.4132414259975459e+00
-5.1369914936487804e-01
1.3127792826194101e-01
-1.8328177943197860e-01
-9.5128353656798648e-01
6.0170851269536729e-01
6.0960533010388318e-01
-8.6006220742632122e-01
-1.1038406972867995e-02
-2.7027453577549885e+00
-2.1168398446191480e-01
-6.8914391074037928e-01
8.2715954816226789e-01
-1.4890517116806732e+00
-3.8966567615435594e+00
-1.9857085445699829e+00
-1.9156619784419728e+00
3.8067196134510435e+00
-8.2931654715410730e-01
4.9855598239357635e-01
-8.7341681485451828e-01
1.6784382095101256e+00
1.6219475974804840e+00
1.7880071408520165e-01
-9.4966093390631034e-01
4.7566667384262367e+00
-1.4263153284539981e-01
7.9596274765267183e-01
1.0941448117546904e+00
2.1098536585215169e-01
-8.8346414375443105e-01
-9.5156269340910572e-03
-1.0291814119908393e+00
-2.5772663584708315e+00
-8.6830488305253639e-01
-8.6068216839843059e-01
-9.2672312662620271e-01
2.7315903734225777e-01
-3.3541964944512315e-01
-9.8895041414588192e-01
-6.0940111932756025e-01
-5.5613580057027112e-01
4.6474894101718034e-01
3.1361518015090200e+00
1.9113804808001313e+00
2.9615044598268336e+00
-3.8948650385264072e-01
1.1727216448513651e+00
-3.2579852064275561e-01
-1.9990361241367551e+00
-1.2377336083760857e+00
4.8562638004483716e-01
-1.1013342492289140e+00
-1.6277236687564600e+00
1.6449322489663052e+00
1.7381699435724434e+00
3.5277125576955413e-02
-1.3457789385707186e+00
1.0662434318564027e+00
2.6597689496889720e+00
1.0766793256099443e+00
6.4991341585634876e-01
2.8736223553625869e-02
-3.3776141329547754e-01
7.9086864599487694e-01
-3.2848557366621350e-01
-1.0302902650408614e+00
1.8594467745578840e+00
2.5761963262690407e-01
1.4553476528617268e+00
-2.5068983797967231e-01
2.0830005263701409e-01
-1.4701425151626193e+00
6.5874693934043063e-02
-4.6297688978733320e-01
3.9618083422435380e+00
1.2557998675854181e+00
-2.0605436019025603e+00
-1.0320867769384170e+00
1.3636495932679706e+00
-4.4994057632978929e-01
-9.7841935075336478e-02
-6.9989244263328332e-01
9.8323548450017262e-01
-1.0879951710068896e+00
-1.4504799428330504e+00
-6.0703334061170766e-01
1.3733091412310683e+00
-2.3742100940776653e-01
-1.1975919533578250e+00
-1.3837306360593420e+00
6.1927572262685560e-01
1.5902244741177358e+00
-1.3020957593773583e+00
6.3442130769807492e-01
6.8161079130166669e-01
5.1018030158905123e+00
-7.5187820210357115e-01
-8.1881143833485182e-01
-9.9267937713288101e-01
2.4565819894572799e-01
-6.5377783340584006e-01
-1.1074865636585303e+00
-2.6954611244536983e+00
-1.1392644806807479e+00
6.4094354260732556e-01
8.6838442463843313e-01
6.3404572474875309e-01
-2.9109526174595013e+00
-1.7212461380844762e-01
-3.3435110844202178e+00
-1.8051535553896807e+00
2.5879266313360794e-01
7.4920730966345550e-01
2.9940497326692594e-01
9.9878633000880301e-01
1.6854474762631044e-01
-8.6000283167726033e-01
1.9428898504978598e+00
6.5428267769354820e-01
-1.2254473300693933e-01
-4.3522033273433758e+00
1.7791733406331556e-01
-1.0231523634528479e+00
1.0165062574625363e+00
-1.2028367944227101e+00
-1.1711139318459181e+00
-1.6892540780394645e+00
2.6750905093814231e-01
9.4810458133256836e-01
-1.0036042961961811e+00
8.0859365094512525e-02
2.1244947886128199e-01
4.6829800318847668e-02
-6.3172964514903096e-01
5.2005852003469704e+00
-4.6091972247711160e-01
4.4797470379797555e-01
-1.0494751867000973e+00
-2.0445825625760503e-01
2.7937419221049348e-01
-8.3494334478578680e-01
2.2173645937479023e+00
-7.2898247244550918e-01
-5.6034527763113084e-01
1.6837726107998952e+00
-6.4062252537985775e-01
1.3169418998865863e+00
-5.5586861115632991e-01
3.8634080394998715e-01
-1.0786899596458102e+00
-2.2307394330539645e+00
8.0324354830269895e-02
-6.2028107931475462e-01
4.3015960312211737e-01
1.2547991176851636e+00
-7.8675139481369905e-01
3.8305995702803122e+00
-8.2640419272704968e-01
-3.7145114587474417e+00
-2.0600063602097789e+00
-1.2189374908541679e+00
2.3658388198512317e-01
1.4857697682591270e-01
2.7881714809820428e+00
2.9547428199364212e-01
1.7667777947088462e-01
1.1986865880273754e+00
1.0923656209739849e+00
-7.8671884817153703e-01
-1.1600130604560954e+00
1.4219289746710544e+00
-1.3378553838068972e+00
2.2750842248616485e-01
-3.9708089957647480e-01
2.3467039502160607e+00
-3.7793029381183807e-01
-2.3230986523573327e-01
9.1726624224854114e-01
-1.0751244072824873e+00
-1.6219525685520297e+00
2.8484219757991824e+00
-1.1759077791608188e+00
7.8438745511553964e-01
1.3217166929512041e+00
-1.6286703734712629e-01
2.1026411391253186e+00
2.2707082286216709e+00
-7.3459939594197576e-01
-3.9310702317518154e-01
-5.9298707295668474e-01
5.0441642042315375e-02
-1.5417471461034664e+00
-9.0122255382009270e-02
5.4557304080828917e-01
1.4528494662253437e+00
-7.8753192538828443e-01
5.3673304260561905e-01
1.8126309950408832e+00
-3.6822271406040724e-01
-1.9523523275018457e+00
-1.4882829759525911e+00
2.9510144832521762e-01
-7.2078545619386170e-01
1.4979453617409433e+00
2.5687166622211366e-01
-3.4293662480374998e-01
9.0179828604760548e-01
-1.6050450514808152e+00
-1.7607629748213169e+00
8.8803907002881477e-01
1.1422700243525052e+00
1.7200018275144542e+00
-5.6054656505946088e-01
1.9457243747022784e-01
-9.1548528638605992e-03
9.9562130706728680e-01
1.9627519856407680e-01
-2.5696911784552592e+00
-5.2170323793715190e-01
9.9289891061612257e-01
5.6401539987302940e-01
5.3300167480327565e-02
2.0324247048219237e+00
2.5414137803304682e-01
-2.5517950572941546e+00
5.7652528439079698e-01
-2.6534371451172850e-01
6.1547302976904361e-01
-2.9971074403050371e+00
7.3225568378856565e-01
-1.6685343161308150e+00
1.4850913283278497e+00
-1.2203924328004139e+00
-5.3115177050423745e-01
3.9691982732926939e-01
1.7994023017422764e+00
-1.3571484442130166e-01
9.9649537655971432e-01
-4.2836682923104225e-01
-9.8317198197676914e-01
-3.3800409567753814e-01
-6.9771029277031371e-01
-2.0359047630567453e+00
1.0134846231675012e+00
-5.9971707337853419e-01
4.6320876471398226e-01
-5.7668253851705142e-01
-1.9553231422211994e+00
-1.5354309619663933e+00
-9.2693218742301497e-01
4.4669669443117904e-01
-1.3804321103817213e-01
1.2478196816073301e+00
-2.0457303066983386e+00
-5.0026225360239929e-01
2.0052818447071319e+00
9.4910006834561467e-01
-4.9948086249714185e+00
2.4355101791478048e-01
-3.7201778971167260e-01
-1.1726412320626793e+00
9.0756024418984105e-01
5.1164495113149100e-01
1.7904808915846733e+00
-6.2215988842693803e-01
-3.7188627091786092e-01
-2.7139827901056117e+00
-2.3985247791884434e-01
1.3231381474467827e+00
9.1140172643226935e-01
-1.2766956440641979e+00
-2.2934346651040931e+00
3.6183493192761984e-01
9.9724298218272467e-01
3.3633459754756361e+00
-1.8133607340342888e+00
-4.2095091129904416e+00
3.9201918145306258e-01
-7.8732287607899964e-01
5.9015371305309754e-02
4.8425437235053215e-01
1.0637251719743659e+00
-1.4190157689459295e+00
2.6364608761949393e-01
2.5893972108482872e+00
-2.0274805604659651e-01
1.1337834508427806e+00
-1.5505042611927994e-01
3.4183541536454332e-01
7.7076539370943942e-01
-1.4006227343051221e+00
-3.9772143592524817e-01
-7.0489575006531269e-01
-1.0417187635630472e+00
1.1797291570472680e-01
2.8904381287097564e-01
-3.6910842195856093e+00
4.6854163454527986e-01
-8.7087941114095804e-02
-1.4535492395392818e-01
5.4082420956278998e-01
4.1056218711242420e-01
-1.7016538358621565e+00
1.2881318404196063e+00
1.6401100033103098e+00
-1.1747497829056182e+00
-5.4424904834989951e-01
2.1130040723244661e-01
1.8558522251856527e-01
-1.9515103467485144e+00
3.1131460681252325e+00
6.9564179119948177e-01
9.2401002943414556e-01
9.0134030909658147e-01
-1.4321047265417253e-01
-8.7120594519450187e-02
1.6127164513371012e-01
-1.5231505267112955e+00
-1.1395726382203490e+00
6.0705929603019480e-02
-1.0226857515259364e+00
-1.3128178273781439e+00
-1.6783806153498818e-01
1.5476668756348511e+00
-2.6066562767724779e+00
1.0475749713043558e+00
1.1530162388494777e-01
-5.5533501603108892e-01
-1.1174231026228629e+00
-2.6283258297896139e-01
3.7755627731077550e+00
5.5235350423528939e-01
-1.3261343249023976e+00
2.9924182277344974e-01
7.8970720427321417e-01
8.3091656375645709e-02
4.5325050058250556e+00
-3.8992747494894658e-01
8.2620055866151043e-01
-5.8554600206635365e-01
4.6008081785485605e-01
-1.9901437304666942e+00
-8.6157884322000788e-01
1.2525036214636462e+00
-6.6961644070885384e-01
-5.1992088573663864e-01
-5.2902476906546649e+00
-1.1178485140834626e+00
6.5904850037050144e-01
-9.1421995913660037e-01
2.1534322484142282e-01
4.0910192351922907e+00
-1.1865057456778443e+00
-9.6754982049624272e-01
8.5543524774609053e-02
-2.3913863636221029e+00
3.7792944152524821e-01
1.5161220704285336e+00
-9.6977802533154445e-01
-4.5621511867535625e-01
1.0230601894986850e+00
-1.1364676190171876e+00
-1.2148625314936536e+00
4.7487774718505882e-01
1.2821524735302097e+00
8.8265869636430172e-01
-7.9274137852869353e-01
3.5340923977985345e-01
3.5573669038765571e-01
-4.4603539468845170e+00
-1.7866692204139190e-01
8.3654177546219810e-01
4.4935061743171395e-01
-1.4063070340426449e+00
4.9174890195808746e-01
4.0931499126118892e-01
3.0844673572833936e-01
1.5092078204006798e-01
7.4898420448166814e-01
8.5599912778678255e-01
-3.0205810759662716e-01
5.9619103591597777e-01
3.2015809625487268e-01
3.3429626913680859e+00
7.7346939905508172e-01
1.5782691860706541e+00
6.6150075905602390e-01
5.8325974710316397e-01
-6.7017418670500151e-01
7.5466133254132595e-01
3.8907179410617032e-01
-4.2243306816493374e-02
-1.9308444165485628e-01
1.5223199013510291e-01
-1.9312313922836879e+00
-1.1732184736098192e+00
-1.1958748657887155e+00
4.1062417833418868e-01
-2.5171097939984088e-01
-1.0453625326484806e+00
2.4360608868438999e-01
2.7182861896356254e+00
-1.8378769879227108e+00
1.0834276209576945e+00
-2.3569359147927744e+00
1.2723143157954329e+00
-6.9855590916748622e-01
-1.4789248144756850e+00
-4.9117397562590792e+00
1.0636090955755098e+00
1.1737404170486982e+00
-3.1242514372515306e+00
-1.9939854094619984e+00
1.3552223399437233e+00
-6.9124828541735045e-02
-2.8766318431996474e-01
2.0886665088459599e+00
-1.7689734901846368e+00
-1.4700066954924769e+00
-1.1857432780441886e+00
8.2297385754003127e-01
-7.2462775848394917e-02
-3.9606509429199049e-01
4.9816277945453719e-01
-7.8297042138247763e-01
7.8404975871581661e-01
-2.7658040514128185e-01
-1.5329422349921593e-01
1.7703735172993593e-01
-3.3954220776213186e+00
-8.3486057670209990e-01
5.4449183575861171e-01
3.9233172426901747e-01
2.4337869844333238e+00
8.7418974757168311e-01
3.1067773080453442e-01
3.9420037400702607e-01
5.8694645478537177e-01
3.1044133353276782e-01
-2.4444224893097979e+00
-7.1170485588988885e-01
1.9211578861210556e+00
3.1577880005024112e-01
-1.8701782696184051e+00
-1.0935040332648811e+00
4.2432774931329629e+00
-2.7707782882551518e-01
2.9203393504817892e+00
1.5666391718700352e+00
1.6972632817594031e+00
4.2993865250933594e-01
9.3146898248078758e-01
1.3635229927789576e+00
-7.5096865307119898e-01
-1.1904423370121446e+00
8.9154445646360242e-02
-1.8054939115344979e+00
-1.2241384723284392e+00
9.0916194343683043e-01
-2.0368324784414477e-01
1.4687575537803013e+00
-7.4729495588506090e-01
4.6165874401224893e-01
2.1734678466638599e+00
5.2549730205510041e+00
7.9496476229444257e-01
2.9111108425128018e-01
7.9683936018455326e-01
5.1860279903208850e-01
-6.0285513036448857e-01
1.1031957491411615e+00
2.4711988837814694e-01
-1.0224424600199966e+00
-3.7733713423157944e-01
1.1772079170010809e-01
5.1325323002119596e+00
8.1737150690112370e-01
-7.6979663106606266e-01
-6.8172190671606137e-01
1.4150709058673192e-01
1.6537098380766753e+00
-1.9248514363351534e+00
-1.0461526998811275e+00
4.8023525420172906e+00
-1.5538323726921619e+00
-4.7239257040759541e-01
-7.2155720168803150e-01
-1.8641866425062945e+00
-2.7808851243675592e-01
-2.4659795486110161e+00
8.3969975532088570e-01
4.3273211978297393e-01
-2.7027822504463770e+00
-1.5161078525340790e+00
-4.5089457911636828e+00
-9.4954027911157368e-01
-1.4894424507827462e+00
1.4457621091153450e+00
-9.0134294628171319e-01
6.6807888844865670e-01
2.2156403453376639e+00
-2.7628572641720306e-01
-3.2875239079846802e-01
-1.1115643138166927e-01
-7.8580446810954344e-02
-1.0474104980667387e-01
-1.3989281519734291e+00
1.8758998069979901e-01
2.3737662633719836e+00
-9.0785057626792828e-02
3.1241776413480432e-01
8.0012815174624705e-02
4.2214129471196777e+00
-6.9213479134081990e-01
4.6840723770080966e-01
1.3481604122572299e+00
-1.0692471342440755e+00
-1.9323121955110614e+00
3.1921967070516383e-01
2.2677766501832655e+00
-8.4609825463016097e-01
-6.2677718584469155e-01
1.7115885110093998e+00
-5.0692939938765724e-01
2.5729789674577519e-01
4.6386600703404710e+00
-4.5363344364750063e-01
5.2286377730146461e-01
4.0009544839769590e-01
6.5027267996123650e-01
-1.3283098456904785e+00
8.1100696246525472e-01
2.5218381111752453e+00
-3.8396603878250934e-01
-6.8044850165115744e-01
1.3184294783086807e+00
6.7058286762090391e-01
2.6294239438825824e+00
4.8558097366397979e-01
3.9025145270697786e-01
2.2740890714134818e+00
7.6787306312369644e-02
2.2670159626236330e-01
-3.1275407642608821e-01
-1.2125048480190290e+00
-1.1004089298326900e+00
9.3852476888837921e-01
-5.1767608186607692e+00
5.5250503087398684e-01
6.9473160844258208e-01
1.0973320732251308e+00
2.7544825094200748e-01
5.2576134118585138e-01
9.4402069417703416e-01
-1.8354765664909176e+00
1.2830485868344835e-01
-2.0970637901886685e-01
9.0351680181843808e-01
3.6536606443408846e+00
-7.9593423144095321e-01
-1.4535919665696573e-01
2.6396853782497858e+00
4.1237210548307736e-02
2.1731056874915441e-01
3.3588604793390020e-01
1.0004390628392743e+00
1.5515751324117784e+00
1.5750509934579102e+00
-1.5452195592409659e+00
-4.1183291266787447e-01
-2.5940106688206948e+00
-2.4095524839367893e-01
-5.1246107023878666e+00
9.3018950605283007e-02
-3.9441325699388718e-01
2.5649748147186222e+00
-3.1235309775958181e-01
3.6986263691437196e+00
-3.9950791632463661e-01
1.2646257614176259e+00
-2.2523880413153305e+00
6.0542482575283586e-02
-1.1950127163490380e-01
-5.7508921375673538e-01
-4.3891504229453354e-01
2.4559623451713652e+00
-5.6349796129172380e-01
-1.7029330686312440e-02
1.1570614964184422e+00
-1.0663356871647474e-01
-3.2728060277207320e+00
2.1951783384274615e-01
-3.9744385283593864e-01
9.2056931451919968e-02
-3.3481091995414847e+00
1.8882422306805771e-01
1.7282482636984209e+00
-4.3334636047422026e-01
1.6990070612975012e+00
8.2743391936296384e-01
3.9684564709562431e-01
-2.2670560211043149e+00
-1.0038120343389776e+00
-1.6623867451215726e-01
-4.6414698436639878e-01
-5.4763389440885446e-01
4.4737385931397844e-01
-5.8557936153741863e-01
-1.2570123489967189e+00
-2.5493664027471055e+00
-1.2329832784887500e+00
-1.4166323274522610e+00
1.3148895242213996e+00
-5.8682530878602623e-01
3.9689123262475183e+00
1.4964559902224106e+00
5.7445062846236628e-01
-1.4448725249396794e+00
2.1782244183220496e+00
5.8360986179793617e-01
-1.8087246511038459e+00
9.5870067802693026e-01
-1.1086998177707902e-01
6.7225243006826496e-01
1.6444753129541953e-01
4.3900434196520227e-01
5.8751533856329730e-01
-1.5208182764774287e+00
-1.0374072300618151e+00
7.2810850927269211e-01
-3.2337956092475978e-01
-1.3031023882197128e+00
-2.0431801028355281e+00
-2.8129274488313893e-01
8.8371019231375192e-01
1.8739778834691658e+00
-1.3606833206343574e-01
-6.5165934295813666e-01
-4.5507358494079281e-01
-1.1312163704038579e-01
-3.4226511020048783e-01
1.2225903566803327e+00
-1.8619831424202854e-01
7.8064895775012944e-01
-1.3344377521471598e+00
1.0439604313625668e+00
1.2834765117673075e+00
-1.9972872799885416e-01
-2.2728690127273465e-01
-2.5478223501032944e+00
-3.9400565702731138e-01
-1.2723891168645827e+00
-5.9633720669034895e-01
4.1161675576340262e-01
8.8621298337666951e-02
-1.1716442122090156e+00
6.2125126513836437e-01
-1.2226595728469283e+00
7.6242314295701330e-01
1.2799913726824130e+00
-1.3096085798557229e+00
2.1332334050968735e+00
-1.0500521356616908e+00
-8.3890151118100864e-01
-1.5781936090545379e+00
-2.1708322729182430e+00
-1.2511333776697096e+00
2.0155925886456330e-01
2.0029204363673525e+00
2.2757786594949851e+00
-1.5075845693174799e+00
4.4462014500399585e+00
-6.1273829156268833e-01
1.5296073593554549e+00
-3.6045468412808845e-01
3.1637652299120416e+00
-7.3122114693973861e-01
-2.1316186397584272e-01
-7.4998431277455191e-01
3.6736642383239776e-01
5.0214624651794981e-01
-1.5711027282489737e-01
-5.5277818415942481e-01
-7.5281337331668002e-02
3.6596318584535320e-01
3.0922904985549393e-01
6.5484227174735343e-01
-8.7531417222372632e-01
-1.9071944384102297e+00
3.3243345575760137e+00
-2.5339884594273870e-01
-1.3050194110841260e+00
-9.0781553544007099e-01
-1.9134318414632505e+00
1.0570184281135888e+00
