18
-4.25e-2      -3.5e-2    0e-2      5.75e-2      1      0      1
-3.5e-2    -1.5e-2    0e-2      2e-2      1000   0      2
-3.5e-2     3.5e-2    5e-2      5.75e-2      1      0      1
-3.5e-2     3.5e-2    2e-2      5e-2      1000   0      2
3.5e-2      4.25e-2      0e-2      5.75e-2      1      0      1
1.5e-2      3.5e-2    0e-2      2e-2      1000   0      2
-1.5e-2     1.5e-2    0e-2      0.1e-2    1      0      1
-0.5e-2     0.5e-2    0.1e-2    2e-2      1000   0      2
-1.5e-2    -0.5e-2    0.1e-2    1.25e-2   1      0      1
0.5e-2      1.5e-2    0.1e-2    1.25e-2   1      0      1
-1.25e-2   -0.75e-2   1.25e-2   1.75e-2   1      1e6   3
0.75e-2     1.25e-2   1.25e-2   1.75e-2   1     -1e6   4
-1.5e-2    -0.5e-2    1.75e-2   2e-2      1      0      1
0.5e-2      1.5e-2    1.75e-2   2e-2      1      0      1
-1.5e-2    -1.25e-2   1.25e-2   1.75e-2   1      0      1
-0.75e-2   -0.5e-2    1.25e-2   1.75e-2   1      0      1
0.5e-2      0.75e-2   1.25e-2   1.75e-2   1      0      1
1.25e-2     1.5e-2    1.25e-2   1.75e-2   1      0      1
-4.25e-2 11
-3.5e-2	-1.5e-2	-1.25e-2	-0.75e-2	-0.5e-2	0.5e-2	0.75e-2	1.25e-2	1.5e-2	3.5e-2	4.25e-2
0.01	0.001	0.0009		0.001 		0.00085 	0.001 	0.00085 	0.001 	0.0009 	0.001 	0.01
1.4 	1.2 	1.0001 	        1.00001	        1.00001 1.00001 1.00001 1.0001	1.00001 	1.2 	1.4
-1 -1 -1 -1 -1 1 1 1 1 1 1
0.0 6
0.1e-2 		1.25e-2 	1.75e-2 	2.0e-2 		5.0e-2 		5.75e-2
0.0005		0.0005 		0.001 		0.0014 		0.002 		0.01
1.0000001 	1.05 	1.01 		1.01 		1.1 		1.2
1 			1 			1 			1 			1 			1
0 0

