לוס םמנל. ט םמנל. ס לאסרע.=5 (v=0.1)
0 1000
4.0614885765727549e-01
1.3867593836858512e+00
-7.7459908210973860e-01
-9.8003785431688495e-01
-7.6272859454647934e-01
5.3223523476465073e-01
-5.8470302024877419e-01
-4.7477968559490324e-01
1.9954887718770345e-01
5.0672881225854460e-01
5.2212418279794093e-01
-9.9666145864289279e-01
-1.3691029621999778e-02
1.1123713233210237e+00
-1.5008916522984395e+00
9.0205975554915374e-01
-2.0075230087582682e-03
1.4185135370874011e-01
-6.2086746126604642e-01
1.6630916379703869e-01
-1.4775136567036096e+00
-3.8173205188715054e-01
-6.0125862293797583e-01
1.1840121136313684e+00
1.4403164558517616e+00
5.3636905520825162e-01
2.3191461996732672e+00
1.0646477872716167e+00
-4.0231923417878788e+00
-1.4697956788192217e+00
-7.3343035031956338e-01
3.2201020999982254e-02
7.6516753580318286e-01
1.8355846756578631e-01
6.9607080311632596e-01
5.3554022179319571e-01
-5.9253000102865017e-01
1.5804637246621103e+00
2.1219201770838356e-01
1.9447575035686420e+00
-6.7673028246438394e-01
-9.0146570412152804e-01
-4.6744863622843896e-01
-1.3701817730357024e+00
2.9640242841913821e-02
5.7542259513968812e+00
9.1136022420992713e-01
3.2591365156902891e-01
2.4585379805640950e-01
3.2748328624745082e-01
4.0718721758662396e-01
7.8767486721104685e-01
-1.0346524528819681e+00
7.5849977883881803e-01
-1.4917761682375116e-01
-7.3690824425992423e+00
2.2236473902705223e+00
-5.1994940117869781e-01
-2.6985282401359338e+00
-7.3116814888332295e-03
7.4694217236488047e-01
-1.0098095688913225e+00
-4.6661615928108752e-01
-3.8733820195495756e+00
2.2138362066871442e-01
6.9902623908171546e-01
1.0486690286090337e+00
2.9010364636807556e-01
1.1226234120384442e+01
2.2042711036581700e-01
9.2553179922942308e-01
1.2572417217463148e+00
4.3374043206224316e-01
2.1984519393615511e+00
-1.2315749801511202e+00
-7.6018786146577366e-01
-5.5574753250751519e-01
-1.0355201088555672e+00
-3.4447898882321613e+00
-3.9026959194254722e+00
-1.1618214810594358e+00
-5.6750628999089692e-01
5.1194198330249685e-01
-9.4944962042329650e-01
8.0868260448389995e-01
-7.6692345510592685e-01
6.6412464903035795e-01
-5.6923581110793697e-01
1.6738287404201329e+00
-5.8666757241183811e+00
4.5894139992955435e-01
5.1614805489493494e-02
-4.3819340356857367e-01
-5.7974724441329346e-02
-2.9367887718144597e-01
3.2172569487609941e+00
-5.2792389158315900e-01
3.7227775552559955e-01
1.7627011244495505e+00
1.0836044223339645e+00
6.3549226405000738e-03
1.7860138472429865e-01
-2.4365828736950276e-01
-6.8586056755635366e-02
5.5115841202435611e-01
3.9185336115861458e-01
-2.9091503012417702e-01
1.8013679766335100e-01
8.6790743430696604e-01
-6.3049935740499841e-01
9.5088145842797167e-01
3.1802724324353432e-01
-1.6548179610767649e-01
8.9132471177803529e-01
-8.1223769351414177e-01
2.8241805600146130e-01
1.3328764879435488e+00
7.5271063210633915e-01
5.5583601914106817e-01
-1.1548424810754940e+00
5.0267303668920693e+00
8.0776387424367838e-02
-1.1804762501350254e+00
6.8703145526546971e-01
-1.7112885172661574e+00
-8.9244944990336139e-01
2.4845388916834732e-01
-5.5789376900629538e-02
5.4884364461058571e-02
3.6687493957753686e-01
-8.8875849940231566e-02
6.5756378479287525e-01
-1.1932706206824726e+00
-2.3281788938310133e-01
-5.0416678056877806e-01
1.2562838079669403e+00
7.7046600562685208e-01
-1.4544450351606628e-01
-1.0423981619908076e+00
1.1568381765597842e-01
-1.1749252909259311e+00
-4.6756795765039372e-01
5.4982493649310349e-01
9.7843408597344337e-03
-2.9968297478150097e-01
2.9746599230728693e-01
-5.8977376860790402e-02
1.1669464191157402e+00
-4.0061213679469060e-01
-6.3542051445199521e-01
-2.1134546968844345e+00
1.5072097357649326e+00
-1.9398005963487810e-01
-2.0485498982238912e+00
4.2105476204672432e-01
1.5339202273924221e-01
3.7294665219422307e-01
-6.0694148355891520e-01
-1.4606706423617702e-01
-8.3700780969593247e-01
1.0948571540709215e-01
-1.1910380158075418e+00
-7.3630342703039897e-01
3.1231087776318134e-01
-1.0310994866902263e+00
-8.6056489379421494e-02
-1.1891155846229875e+00
3.8246040089820319e+00
2.2992283039446363e-03
-5.8370781123559490e-01
-1.6187415438884634e+00
-5.4176206956786188e-01
-8.8155623571523067e-01
3.9848220478379709e-01
2.8884975553107722e-01
-1.5796142958566972e-01
9.9878064511945241e-01
-8.5309427432417928e-02
9.5051235606305873e-01
8.9683789985544704e-01
-2.9545318212937732e-01
-4.5550469360249263e-01
4.7367849683512164e-01
-1.9057187691653759e+00
3.2028351580023373e-01
8.2050886861299333e-01
-4.6507549809091953e-01
-5.1154758094926587e+00
-3.9142575620329600e-01
2.9795563480595227e-01
2.2321196635757321e+00
-3.1013935937081433e-01
2.6093586386958367e-01
-9.5423648657104387e-01
-8.3114810210230317e-01
-1.4256565089457207e+00
-2.1969926813605822e-01
-4.5125479311016997e-01
1.9997790291178236e-02
5.3354344706412660e-01
-1.8543652134975348e+00
9.3483589873938247e-02
-7.5742375910829052e-01
-5.1824106234387501e-01
2.5089327780836840e-01
-2.5181526188137751e-02
2.8185727231131874e-01
1.2098095829383930e+00
2.3363563585671407e+00
4.6279511039982529e-01
-4.0095690306638371e-02
-4.1194805598085593e-01
-5.6131771345936377e-01
2.9247053093524927e-01
-6.9458922729228356e-01
5.4310402330533791e-01
1.9892549191100170e-01
-5.4331295910604441e-02
-4.7588754157470472e+00
1.1684125661800298e+01
-7.6084844069976021e-01
2.8211070739097988e-01
-4.5657654395335634e-01
2.0511604533799317e+00
-5.2288027925153779e-01
6.3292014721910661e-01
-1.5408145754555319e-01
1.1568288264236488e+00
-1.2243290740096865e-01
-9.8486671205607534e-01
3.4192738603144668e-01
-1.0703998792614815e+00
-7.7405457211229234e-01
-1.2572319811044216e-01
1.2542851894913316e+00
-9.1530197634142441e-01
-2.7260053462183087e-01
5.8931683215666852e-01
-1.1948122240627874e+00
1.0135288535030934e-02
1.5133970281818683e+00
-2.3737985353709354e+00
-1.1132163014043572e+00
2.8894941444654765e-01
-7.0111998768152911e-02
-6.0402887637530517e-02
7.3480719199884625e-01
-8.5784640972110238e-01
1.8603373896073669e+00
-1.6409786504665169e-01
-1.3311758613672914e-01
4.1061036963721759e-01
1.0377839952780071e-01
-3.8823697985129431e+00
1.8455084675587901e+00
5.8418944818946783e-01
7.8135245957946209e-01
-6.1713527996489326e-01
6.1037324094337575e-01
4.5903137701662339e-01
-1.5082145961625520e-01
-4.1226353467511201e-01
-1.0404567280811541e-01
3.9640355200268442e+00
-2.6703313436025011e-01
-1.7514125375583178e-01
6.6888430407658794e-01
-8.2596006031968849e-01
3.6155640723807780e-02
-5.9738332429869379e-01
7.4544718089818607e-01
1.2182756958251282e+00
-4.6609793942422101e-01
1.1981484140488201e-01
-1.6721442034984110e-01
-8.4865145431510769e-01
5.4462416358753296e-01
5.5163923763411149e-01
-7.7080354084218450e-01
-1.0078517244576901e-02
-1.8911842838437491e+00
-1.9307643364459365e-01
-6.2197732811776318e-01
7.4243351284042869e-01
-1.2738093756695290e+00
-2.2505615661231735e+00
-1.5890589363022738e+00
-1.5501411399226976e+00
2.2210354328539470e+00
-7.4429778471493879e-01
4.5252775041722182e-01
-7.8227625856916616e-01
1.4045041266279772e+00
1.3667884608151009e+00
1.6313232520337351e-01
-8.4727778744865756e-01
2.6107216246367897e+00
-1.3016770162300303e-01
7.1540356079188983e-01
9.6782589166354249e-01
1.9244054709693614e-01
3.6549490897425012e+00
-7.9089119614971770e-01
-8.6881630150645490e-03
-9.1408462800562273e-01
-1.8486625668835919e+00
-7.7788762629564645e-01
-7.7133668780235254e-01
-8.2781470339287977e-01
2.4897436830819158e-01
-3.0545005547029036e-01
-8.8041931407881935e-01
3.3278175822633775e+00
-5.5145789698960590e-01
-5.0403779130150983e-01
4.2217637041853151e-01
2.0218095011874220e+00
1.5477012391612084e+00
1.9711349466248058e+00
-3.5435590985757359e-01
1.0317125746985802e+00
-2.9673317332738680e-01
-1.5962505819234223e+00
-1.0835559269906343e+00
4.4092870859462724e-01
-9.7372373212975105e-01
-1.3706959087742094e+00
1.3822688276747115e+00
1.4431467935687794e+00
3.2208627144259372e-02
-1.1674576495298055e+00
9.4484170501585196e-01
1.8769670325414931e+00
9.5345597809924298e-01
5.8735969925713682e-01
2.6236923012238234e-02
-3.0757111524015962e-01
7.1097823443911268e-01
-2.9916808541956658e-01
-9.1500848487907638e-01
1.5175462801747333e+00
2.3485611324335909e-01
1.2624480864073787e+01
1.2493328924550779e+00
-2.2855745923112394e-01
1.8999623763484216e-01
-1.2601199048311285e+00
6.0140452137276083e-02
-4.2058340455737825e-01
5.2836238430019877e+00
8.2348155417551965e+00
2.2726182607764893e+00
1.0977880475482555e+00
-1.6285627954591797e+00
-9.1650480580758842e-01
1.1810421714833732e+00
-4.0885852733816314e-01
-8.9314245071859324e-02
-6.3143503133670031e-01
8.7561449341551389e-01
-9.6277297711650089e-01
-1.2457693759079054e+00
-5.4935502644903345e-01
1.1883485823668021e+00
-2.1649281236449638e-01
-1.0516586298560102e+00
-1.1962023134246327e+00
5.6022241127213246e-01
1.3451246055000097e+00
-1.1338931640163596e+00
5.7364838296599119e-01
6.1534183260255204e-01
2.8231748816863953e+00
-6.7700310702403732e-01
-7.3521261845767072e-01
-8.8355146378309790e-01
2.2398310800583551e-01
-5.9077638837269131e-01
-9.7876262352429211e-01
-1.8887978760799902e+00
-1.0046673539929285e+00
5.7942362776648915e-01
7.7795594142647750e-01
5.7331569581446562e-01
-1.9561099332300813e+00
-1.5704978362363795e-01
-2.0811854486288297e+00
-1.4849222272921678e+00
2.3592215147820178e-01
6.7466924950036289e-01
2.7280032002124921e-01
8.8867590238138461e-01
1.5378779106221765e-01
-7.7075247677908632e-01
1.5654927736042465e+00
5.9122263663913166e-01
-3.4347443251944818e+00
-1.1184994854132589e-01
-2.4197023054224998e+00
1.6232754223285994e-01
-9.0905759088941063e-01
9.0350856637876298e-01
-1.0558473309299279e+00
-1.0304184851367657e+00
-5.5742164254150648e+00
-1.4115967479512872e+00
2.4384206073515233e-01
8.4595981303420831e-01
-8.9271422325482674e-01
7.3817002822239353e-02
1.9377317570589400e-01
4.2755486007242015e-02
-5.7126385243011435e-01
2.8955780662004496e+00
-4.1873388853969573e-01
4.0708951105316404e-01
-9.3095741313039038e-01
-1.8649890418737811e-01
2.5461875517682425e-01
-7.4915809024031421e-01
1.7045739750171347e+00
-6.5697039263679846e-01
-5.0779374399522792e-01
1.4080074419140136e+00
-5.7913946889668311e-01
1.1453564471482525e+00
-5.0379934167607432e-01
3.5151441677785922e-01
-9.5511325740605346e-01
-1.7106482065069610e+00
7.3328734430842021e-02
-5.6111426204205028e-01
3.9104780675111778e-01
1.0970017389546280e+00
-7.0739918312794248e-01
2.2287771270696033e+00
-7.4178052313278298e-01
-2.1917502585067581e+00
-1.6282867743311100e+00
-1.0686666500332906e+00
2.1573147282153898e-01
1.3558817493681261e-01
1.9185280560153335e+00
2.6923370422485809e-01
1.6119824481272388e-01
1.0525333548306890e+00
9.6636476328337739e-01
-7.0737088267107506e-01
-1.0214677861096291e+00
1.2247261916352090e+00
-1.1614068972410090e+00
2.0747629160357506e-01
-3.6121375980365722e-01
-7.1444419795826786e+00
1.7607964791497586e+00
-3.4391476506710594e-01
-2.1184406595437549e-01
8.1976670014095898e-01
-9.5217379360678434e-01
-1.3667918286329019e+00
1.9371885767047494e+00
-1.0342755058074065e+00
7.0534331834136410e-01
1.1490310904565830e+00
-1.4861367032685877e-01
1.6498544022726775e+00
1.7284346639564585e+00
-6.6189037713626453e-01
-3.5762566866730572e-01
-5.3687030704392957e-01
4.6052715669436237e-02
-1.3113674917456726e+00
-8.2270148151460332e-02
4.9460697853746688e-01
1.2475049272596961e+00
-7.0807784336475688e-01
-3.6819290327613539e+00
4.8670774765121438e-01
1.4894815691701679e+00
-3.3513868740412356e-01
-1.5707612311460830e+00
-1.2732549939250541e+00
2.6889537283786835e-01
-6.4978422755693876e-01
1.2802097591659496e+00
2.3417634503790730e-01
-3.1225771296128080e-01
8.0657407481713839e-01
-1.3552882752655047e+00
-1.4574236465410975e+00
7.9480911963330514e-01
1.0071066224407079e+00
1.4315300892326965e+00
-5.0797331000975965e-01
1.7749770935722139e-01
-8.3587625846360016e-03
8.8602087717913769e-01
1.7904827714440621e-01
-1.8459909263325383e+00
-4.7326405930256615e-01
8.8373578785712592e-01
5.1106731072389544e-01
4.8662188647466326e-02
1.6139693278160159e+00
2.3169484241073882e-01
-1.8396273085706556e+00
5.2221740518515836e-01
-2.4187482856889139e-01
5.5684823254748161e-01
-1.9815975300659128e+00
6.5983789353365641e-01
-1.3979729799879199e+00
1.2709513457892812e+00
-1.0698221267387931e+00
-4.8171742076069912e-01
3.6106834071531130e-01
1.4814011003556524e+00
-1.2386093895226197e-01
8.8675427418110020e-01
-3.8943246055607494e-01
-8.7556107292251106e-01
-3.0779091166226802e-01
-6.2951591070718815e-01
-1.6157917010521521e+00
9.0098314209022423e-01
-5.4285423337420147e-01
4.2079185723243290e-01
-5.2235748556369122e-01
-1.5724082088012148e+00
-1.3069124575715056e+00
-8.2799246401155380e-01
4.0593935160404820e-01
-1.2598408021729052e-01
1.0915111295113173e+00
-1.6209121500523607e+00
-4.5405758247878514e-01
1.5995974262296662e+00
8.4680287103162977e-01
-2.7510775853177298e+00
2.2206719369689343e-01
-3.3857015656727091e-01
-1.0316478617882185e+00
8.1149262627012486e-01
4.6425806227828004e-01
1.4759145048823916e+00
-5.6278070905427746e-01
-3.3845125043330948e-01
-1.8948478908020632e+00
-2.1870403039832600e-01
1.1501238783351204e+00
8.1476906579186692e-01
-1.1141503163395390e+00
-1.7383088158448274e+00
3.2936133739755646e-01
8.8738145680837655e-01
2.0868991807610171e+00
-1.4899253960151366e+00
-2.3625833922908241e+00
3.5664329030908248e-01
-7.0789608525284653e-01
5.3879280772508018e-02
4.3969723212012463e-01
9.4275992007447440e-01
-1.2225655803802280e+00
2.4033240309580700e-01
1.8529142785771084e+00
-1.8494191916163460e-01
1.0002141480635298e+00
-1.4148927194274524e-01
3.1126057394664031e-01
6.9348338293395928e-01
-1.2088675561091073e+00
-3.6179203459052162e-01
-6.3583337783793503e-01
-9.2451737318404736e-01
1.0767985884868503e-01
2.6339757223597815e-01
3.1940406317942265e+00
-2.1844526353942135e+00
4.2558510085499851e-01
-7.9501190575047287e-02
-1.3265070391385395e-01
4.9036426074250011e-01
3.7337998839414094e-01
-1.4196764192252063e+00
1.1230595230383273e+00
1.3790362095436854e+00
-1.0333442691716315e+00
-4.9342426494038155e-01
1.9272730115111397e-01
1.6931259510999636e-01
-1.5702938324531794e+00
2.0152067058744438e+00
6.2769628277695821e-01
8.2550719788101401e-01
8.0618292336402109e-01
-1.3069555079139653e-01
-7.9530988919257153e-02
1.4715966154598895e-01
-1.2982138204979679e+00
-1.0049175385359108e+00
5.5422451983127397e-02
-9.0866825853638833e-01
-1.1421778102879392e+00
-1.5314382234091875e-01
1.3155311426476011e+00
-1.8589081044229134e+00
9.2938071576214276e-01
1.0524314925116472e-01
5.0885327646102301e+00
-5.0332312513603772e-01
-9.8688484614254490e-01
-2.3959323628149232e-01
2.2110350842889450e+00
5.0066181311794056e-01
-1.1524255463296196e+00
2.7265229307056965e-01
7.0996882452996724e-01
7.5854235274634335e-02
2.4988199729430893e+00
-3.5475419561872018e-01
7.4160447279890074e-01
-5.3024968184211474e-01
4.1797958703301480e-01
-1.5914597402347403e+00
-7.7210770603107159e-01
1.0951972069625375e+00
-6.0476492151018535e-01
-5.2489979137836098e+00
-4.7166870487359491e-01
-2.9666019849791994e+00
-9.8723213598764470e-01
5.9543409756553956e-01
-8.1717135922088902e-01
1.9640687728910519e-01
2.3182420671705728e+00
-1.0427844428063562e+00
-8.6239881656956918e-01
7.8091797454711107e-02
-1.7789775025775403e+00
7.3061666341347493e+00
3.4391399476826001e-01
1.2932136184182970e+00
-8.6427862556714274e-01
-4.1450317410262277e-01
9.0898068571451140e-01
-1.0023957527044327e+00
-1.0654278147509795e+00
4.3127770653631198e-01
1.1184054669429255e+00
7.9020110736436444e-01
-7.1260547865764290e-01
3.2173784590728116e-01
3.2384403707861803e-01
-2.4661321607059632e+00
-1.6301043819255270e-01
7.5053801721033675e-01
4.0832766975998741e-01
-1.2131112642459994e+00
4.4642258278225783e-01
3.7225486677229991e-01
2.8100229923868875e-01
1.3772484499921209e-01
6.7447426063895355e-01
7.6730810950281525e-01
-2.7520737092945180e-01
5.3971956616262684e-01
2.9162102157983305e-01
2.0810276512378909e+00
6.9583936998108642e-01
1.3368719718933426e+00
5.9760025580499265e-01
5.2821457812704498e-01
-6.0525707228313830e-01
6.7943416889450337e-01
3.5398133418337091e-01
-3.8568392024784209e-02
-1.7614265200298837e-01
1.3892012845514204e-01
-1.5589543564041868e+00
-1.0321123707342317e+00
1.1327288843746208e+01
-1.0502859567230367e+00
-3.1782804678664949e+00
3.7343590975006502e-01
-2.2948569741626226e-01
-9.2754411465022446e-01
2.2211726752599342e-01
1.8962452211701848e+00
-7.8184813042892172e+00
-1.5047191541979299e+00
9.5901522794797489e-01
-1.7650134649596556e+00
1.1107284617645585e+00
-6.3025965808336559e-01
-1.2664916030224216e+00
4.4103969728421104e+00
-2.6991969062432899e+00
9.4266393366369716e-01
1.0325323182983113e+00
-2.0183956939469914e+00
-1.5935331856766168e+00
1.1746469410595854e+00
-8.1370311923291965e+00
-6.3107032207704930e-02
-2.6214434468595732e-01
1.6428600330268566e+00
-1.4625652115161236e+00
-1.2600211802657422e+00
-1.0421731000633556e+00
7.3881413133084006e-01
-6.6153667962346521e-02
-3.6029664849098819e-01
4.5217517875265834e-01
-7.0411063068661606e-01
7.0504957596866979e-01
-2.5208170642856487e-01
-1.3988842479376332e-01
1.6152583704485421e-01
-2.0961684771504436e+00
-7.4908662724408404e-01
4.9364115531870073e-01
3.5692553926803222e-01
1.7956846519979477e+00
4.4388663412896703e+00
7.8293950713779781e-01
2.8302558111654258e-01
3.5861295955072026e-01
5.3149607626687667e-01
-5.1637763314700935e+00
8.4407518474167595e+00
2.8281120276864574e-01
-1.7997953650361191e+00
-6.4181494021648544e-01
1.5532627821906064e+00
2.8765096238883853e-01
-1.5238620346553600e+00
-9.6729973551295068e-01
2.3757109039816711e+00
-2.5253343934657724e-01
1.9589165808360280e+00
1.3287980954437049e+00
1.4168218627312790e+00
3.9084873328196140e-01
8.3184836129740281e-01
1.1809462412694955e+00
-6.7620842395769043e-01
-1.0459387212585640e+00
8.1386986290983981e-02
-1.4851302157401147e+00
-1.0727948680786608e+00
8.1285899999551792e-01
-1.8579333747357479e-01
1.2591129407340600e+00
5.1301024869479752e+00
-6.7299771159289667e-01
4.1939834355981337e-01
3.8857172000192670e+00
1.6841968286051905e+00
2.9380339869706105e+00
7.1453684756217439e-01
2.6527394691357264e-01
7.1616476442811217e-01
4.7048875944542140e-01
-5.4564308741169332e-01
9.7524914080010572e-01
2.2531203884556400e-01
-9.0846524526993389e-01
-3.4337865707993659e-01
1.0744987989115905e-01
2.8450700322040321e+00
7.3396620436633120e-01
-6.9263909331589357e-01
-6.1543974960259451e-01
1.2914247252060854e-01
1.3881320655477181e+00
-1.5553541793177699e+00
-9.2820015567416692e-01
2.6357399062685398e+00
-1.3198555085978261e+00
-4.2904523709919240e-01
-6.5046111423054254e-01
-1.5203412319526406e+00
-2.5345125939538238e-01
-1.8080321421292751e+00
7.5326330697198418e-01
3.9336540024122058e-01
-1.8911963469044599e+00
-1.2932034875522092e+00
-2.4879860174734745e+00
-8.4717562647245459e-01
-1.2740910909438925e+00
1.2423088074367921e+00
-8.0618517583409144e-01
6.0340803863670711e-01
1.7037863758845169e+00
-2.5181409118200415e-01
-9.9227024495638219e+00
-2.9940984870847115e-01
-1.0146176563288897e-01
-7.1737165157566743e-02
-9.5608965927503647e-02
-1.2076006523524159e+00
1.7113859963061898e-01
1.7718801063993479e+00
-8.2874973161757015e-02
2.8460347137254421e-01
7.3044411506052717e-02
2.3671848761362462e+00
-6.2461021982774223e-01
4.2546432566888959e-01
1.1692729455469817e+00
-9.4732322506381150e-01
-1.5595626995346556e+00
2.9077035737642015e-01
1.7271484540681370e+00
-7.5878102999035024e-01
-5.6687476404331649e-01
-6.3344667074510692e+00
1.4261098379590829e+00
-3.1869052024673645e+00
-4.6003337141350242e-01
2.3456371492550238e-01
2.5497151374019773e+00
-4.1218096431693402e-01
4.7430271553231601e-01
3.6393509747336783e-01
5.8767739917438655e-01
-1.1540953038717652e+00
7.2845382987694274e-01
1.8288063253642650e+00
-3.4936896769437109e-01
-6.1431752648437865e-01
1.1465019144916737e+00
6.0561766970241937e-01
1.8667189196396774e+00
4.4088795507632356e-01
3.5504680638474873e-01
1.7299144184608499e+00
7.0100632734010376e-02
2.0674227174738030e-01
-2.8490843054995524e-01
-1.0635521441043148e+00
-9.7296522168865196e-01
8.3783885515410794e-01
-2.8775722179749286e+00
5.0079708320419625e-01
6.2689546908249727e-01
9.7044181536106799e-01
2.5105351300914175e-01
4.7689554142544771e-01
8.4249960680031322e-01
-1.5032807324710438e+00
1.1710346575816223e-01
-1.9127637200615583e-01
8.0804155783654574e-01
2.1729050053366699e+00
-7.1537879723250353e-01
-1.3265459936619384e-01
1.8702046942566644e+00
3.7649892888878780e-02
1.9819729542604719e-01
3.0587251665137072e-01
8.9006163915583680e-01
1.3182737636541388e+00
1.3346423146595643e+00
-1.3138112009772613e+00
-3.7452624865685774e-01
-1.8545227560592372e+00
5.7704128828620709e+00
-2.1970684820983577e-01
-2.8393727563932272e+00
8.4913423694170112e-02
-3.5880518462730976e-01
4.6946651562715189e+00
1.8443209874526592e+00
-2.8454483306788730e-01
2.1867960885697393e+00
-3.6340474989081623e-01
1.1047121689545996e+00
-1.7203493970028050e+00
5.5273255621147904e-02
-1.0907395283211267e-01
-5.2093807467304865e-01
-3.9893404207385258e-01
1.8042203475294114e+00
-5.1060584589692792e-01
-1.5548415584519231e-02
1.0190834483830062e+00
-9.7335583062198985e-02
-2.0609012611353776e+00
2.0020592986987745e-01
-3.6154143586884169e-01
8.4035578342623124e-02
-2.0825088913046339e+00
1.7226274333775737e-01
1.4368178207844005e+00
-3.9391871582009019e-01
1.4179564275204490e+00
4.3557056981370437e+00
7.4267068281797111e-01
3.6100136892723322e-01
-1.7268318422300308e+00
-8.9288825519229764e-01
-1.5168633925834363e-01
-4.2163527039371845e-01
-4.9644765859094259e-01
4.0654878637394137e-01
-5.3027937346942999e-01
-1.0987403922328884e+00
-1.8387579939380683e+00
-1.0798008113837627e+00
-1.2207960407137548e+00
1.1437751273519408e+00
-5.3138826352623769e-01
2.2750597168619255e+00
1.2791396406942102e+00
5.2036913387560790e-01
-1.2416555458255811e+00
1.6864379195301373e+00
5.2852625991842739e-01
-1.4871023182514265e+00
8.5492531121036097e-01
-1.0120044765962564e-01
6.0709062782060508e-01
1.5005404910021727e-01
3.9901445320007722e-01
5.3200233263030139e-01
-1.2965563505655140e+00
-9.2093281488798751e-01
6.5620455635494668e-01
-2.9454093415791577e-01
-1.1346722169050290e+00
-1.6195866639996814e+00
-2.5636083658789893e-01
7.9110198635198326e-01
1.5260876591813701e+00
-1.2418327577166438e-01
-5.8890352061324813e-01
-4.1347641834388549e-01
-1.0325452284637715e-01
-3.1164966672527716e-01
1.0715667274480942e+00
-1.6987103084955210e-01
7.0209064762753270e-01
-1.1587918748097437e+00
9.2637972976115013e-01
1.1194368093568972e+00
-1.8219290496106078e-01
-2.0727476190851621e-01
-1.8382045948798706e+00
-3.5843713558753498e-01
-1.1107869219604931e+00
-5.3984953388689971e-01
3.7433127021675572e-01
8.0900465468821611e-02
-1.0308453838113891e+00
-3.5645812177074419e+00
5.6197482709108637e-01
-1.0716216494782349e+00
3.6036914563510329e+00
6.8620937209233324e-01
1.1167211630234326e+00
-1.1397012233557018e+00
1.6649132000836000e+00
-9.3143600275185823e-01
-7.5257455951945151e-01
-1.3368196495455447e+00
8.2967123507359535e+00
-1.6829515669029214e+00
-1.0941194259386018e+00
1.8385958042417025e-01
1.5983337904316703e+00
1.7306525023762493e+00
-1.2871187487619560e+00
2.4598873701507329e+00
-5.5442087170259902e-01
1.3027934469383675e+00
-3.2811273172781691e-01
2.0297196139340650e+00
-6.5893171410939000e-01
-1.9442156412404238e-01
-6.7534828820462678e-01
3.3436434101983886e-01
4.5574652547809624e-01
-1.4336682496958117e-01
-5.0104092670837141e-01
-6.8726166809471842e-02
3.3309531071441206e-01
3.5549833636701456e+00
2.8171180016199127e-01
5.9171725151625110e-01
-7.8390421798433896e-01
-1.5453089330930636e+00
2.0756725812722570e+00
-2.3101992789794154e-01
-1.1361551252875741e+00
-8.1171043514688557e-01
-1.5488711279185270e+00
9.3720979886074529e-01
