Метод минимума статистики Колмогорова; N=100 выб.; n=20 набл.; Лап(0.0000,5.0000)
0 100
3.6628243399952782e+00
7.0579980943670479e+00
4.3253941037958450e+00
7.0314590455091635e+00
4.6792514509896170e+00
3.2385068879267456e+00
3.7185352254523432e+00
2.7309295770879953e+00
3.9466707979937938e+00
4.2628318050257414e+00
2.4743592883465277e+00
4.8481058459894690e+00
3.1976156383065284e+00
2.4870896358545118e+00
7.6369011847601058e+00
5.0155130530980285e+00
5.0205989172856835e+00
6.7221486712379539e+00
9.0219502596268839e+00
4.8337966450989258e+00
4.0633698663990989e+00
1.1781555091638880e+01
4.8909921357528763e+00
5.0289392094460617e+00
5.0280365959191773e+00
5.0122537294001202e+00
6.7937204848590911e+00
6.6027048708493190e+00
4.1822198919590914e+00
2.4194503687213400e+00
5.0331211330953174e+00
8.2232999617080687e+00
7.8878271572570853e+00
5.0061014147419813e+00
9.5886245783032997e+00
7.4822411967421862e+00
1.2609753003572633e+01
9.0807254215862319e+00
5.8266063456457156e+00
1.1123945154646641e+01
4.6670038853671549e+00
6.0332309321047779e+00
4.8563399309051860e+00
4.5769303559519212e+00
3.4040610498454944e+00
8.0631723260624995e+00
3.5692816174363906e+00
6.7138404266414353e+00
9.1445357437554176e+00
4.4941539114832185e+00
3.5690687002311954e+00
9.3829479027981950e+00
2.4699850272735406e+00
9.4955595467660192e+00
5.0247744675008903e+00
2.0648789767519014e+00
4.2972616690061969e+00
7.6527118549599837e+00
5.0219204042651056e+00
5.8246163527146857e+00
4.0885636472408873e+00
8.3658867653256728e+00
5.0288019690545536e+00
5.3935635693896158e+00
5.0269060120002607e+00
9.6047929791605444e+00
7.2886293393444017e+00
7.4922652029977828e+00
5.5397384004594947e+00
4.7078740568523223e+00
8.7464770209751723e+00
3.9457122413835397e+00
6.7895910337225418e+00
7.3004287411785533e+00
4.9080595325042653e+00
7.0818866392080198e+00
5.3849556785981942e+00
6.9125721225117935e+00
3.8615750269840476e+00
4.6804785565010247e+00
2.6260581779561187e+00
7.7722054578671083e+00
4.4074585435502307e+00
7.1350443126445757e+00
2.0371597565921773e+00
9.0791418221425335e+00
5.3727819567168122e+00
2.2548429109513033e+00
6.7159479205878858e+00
3.3735263112285589e+00
5.8286458798281835e+00
7.7732445681677484e+00
6.7525337440715569e+00
5.6697991388579121e+00
7.8488663827414697e+00
7.0858151708532109e+00
3.5015478854277684e+00
4.7504964052421181e+00
3.8914138724655789e+00
7.0353752646133376e+00
