Метод минимума статистики Колмогорова; N=100 выб.; n=20 набл.; Лап(0.9690,0.1654)
0 100
1.2113109695285093e-01
2.3357213779777120e-01
1.4304323715668096e-01
2.4513557221043550e-01
1.5474491781484639e-01
1.0709844380583877e-01
1.2297354812954757e-01
9.0313361250733734e-02
1.3051862743882350e-01
1.4330249675222928e-01
8.1828504613759526e-02
1.6032974487141741e-01
1.0574699012466839e-01
8.2249361789003772e-02
2.5469127407601844e-01
1.6856855060605194e-01
1.7727987181737126e-01
2.2230799854691005e-01
2.9836153398316456e-01
1.5985816212348497e-01
1.3437734474753643e-01
3.8962335675594451e-01
1.6206397505378461e-01
1.8354168200563023e-01
1.7592752537283540e-01
1.6899806946371496e-01
2.2473813960774500e-01
2.1912964551818465e-01
1.4297052098370042e-01
8.0012530927733680e-02
1.6644825693511617e-01
2.7670351188240089e-01
2.6325399638242036e-01
1.6555390091271219e-01
3.2902935924485882e-01
2.4744213663441977e-01
4.1972700247992323e-01
3.0996627617895756e-01
1.9696342555871937e-01
3.7590645828437186e-01
1.5434121969695860e-01
2.0590598404248070e-01
1.6060288830436104e-01
1.5136177443852028e-01
1.1257350951850568e-01
2.7469772873904780e-01
1.1803735389570205e-01
2.2529669479238273e-01
3.0265356949265371e-01
1.4892173456389063e-01
1.1803116015179800e-01
3.1029981874979490e-01
8.1684042259187920e-02
3.2041904347585015e-01
2.1714460253926762e-01
6.8285839295365997e-02
1.4211218772027198e-01
2.6811546035870781e-01
1.6752473790171049e-01
1.9386808672219336e-01
1.3521116238935715e-01
2.7697171104945489e-01
1.8756951958711343e-01
1.7848546854844538e-01
1.8096893748736914e-01
3.2059457722945567e-01
2.4103985917497575e-01
2.4861415118119329e-01
1.8518045032296690e-01
1.5569221046299578e-01
2.9481011659563333e-01
1.3048689348566053e-01
2.2453702076390808e-01
2.4142963840415665e-01
1.6231182443969808e-01
2.3429499235650492e-01
1.8385806845418112e-01
2.2860310014565643e-01
1.2770385746885846e-01
1.5478696348068108e-01
8.6845866428972032e-02
2.5990513796481141e-01
1.4915532080753199e-01
2.4136243069087301e-01
6.8565501660278180e-02
3.0034120547254750e-01
1.8219979297260583e-01
7.4568103964081756e-02
2.3107407945169947e-01
1.1326193694788150e-01
1.9275680452835206e-01
2.7473296621358689e-01
2.2330967937535970e-01
1.8750392630847121e-01
2.5956845742565182e-01
2.3433232534141479e-01
1.1580001042708843e-01
1.5710236615288653e-01
1.3628787669293935e-01
2.3266353053928396e-01
