Метод минимума статистики Колмогорова; N=100 выб.; n=20 набл.; Лап(0.0000,1.0000)
0 100
7.3283989152296414e-01
1.1626928547063942e+00
8.9460105483762886e-01
1.3641441095463493e+00
9.1630209838498144e-01
5.0381489122063983e-01
7.3395988676651747e-01
6.5668399016429013e-01
7.9424439785720313e-01
6.2259676078782678e-01
5.6633736420756242e-01
6.3188393321998093e-01
7.5369892310738396e-01
5.2009835448616015e-01
1.2886128648603945e+00
1.0046305225931262e+00
1.0475610929862185e+00
1.4024041785814914e+00
8.5612658001711650e-01
9.9047448158577323e-01
8.5948446111326848e-01
1.2322970585440072e+00
9.9948151989242862e-01
1.1818694594748247e+00
1.1115253300798320e+00
9.0823906968784562e-01
9.8650339954121002e-01
1.1034767159760823e+00
8.0917960682286805e-01
7.3058816346346001e-01
1.0252702007790719e+00
1.0771762996368999e+00
1.0542661382157739e+00
3.8611756004269693e-01
1.9235809937843722e+00
1.0703460058404408e+00
1.0667602627776374e+00
1.3611495532986932e+00
1.0004195000796161e+00
1.2221071225923830e+00
9.9784495132602502e-01
9.7179296897410228e-01
7.8229237868526780e-01
1.0614005537759721e+00
7.5438179424647067e-01
1.0927243565619769e+00
8.6458118465777656e-01
9.5906781905810423e-01
1.6474717233640390e+00
8.0878049780287975e-01
9.8071258391556515e-01
1.0824042832250247e+00
7.4419085081555625e-01
1.1403822994670547e+00
1.4637467089488134e+00
4.9577214106174267e-01
8.5580062175346006e-01
1.4267878335154209e+00
1.0180021581230105e+00
1.0076016485627102e+00
8.5077191574181898e-01
1.3409854254533928e+00
1.1657804966694385e+00
6.9180844013603449e-01
9.0412957911977476e-01
1.6595497151319569e+00
1.4840880863732273e+00
1.4748389795577346e+00
1.0835922383534486e+00
9.8284257025537736e-01
9.7523384462080498e-01
9.0730456445894503e-01
1.2654866751376002e+00
1.3551882788641632e+00
9.9413807430621648e-01
1.4110989487907759e+00
1.0118016973150561e+00
1.5796977802716028e+00
9.8135507250557708e-01
1.1580384062612157e+00
9.8653252987654949e-01
9.1871898479568870e-01
9.0915015473668093e-01
1.0790538779484782e+00
4.9185854912396804e-01
1.6412592085211863e+00
7.6558137545087734e-01
6.3871509300371210e-01
1.0029152885645731e+00
6.8485988885151972e-01
1.3328168587560478e+00
1.1134153152765915e+00
1.0348058459955465e+00
7.3806691802411895e-01
1.5869375249809385e+00
1.4385578647266826e+00
7.2005739150803938e-01
9.2150619529484090e-01
7.1779278751254993e-01
1.4192657334910765e+00
