По порядковым статистикам (L-оценки); N=100 выб.; n=20 набл.; Лап(0.0000,5.0000)
0 100
3.5739562809218235e+00
6.0027772878377332e+00
4.5340318281066585e+00
7.5399917348421512e+00
5.0682076651094032e+00
2.7132632013415856e+00
3.3889694243291402e+00
3.0622522062325950e+00
3.9471035991085914e+00
3.2957397812326024e+00
3.2843008556378592e+00
4.0023471248083746e+00
4.3840738001437458e+00
2.5603178025340783e+00
6.3337499427581641e+00
6.3380958254080380e+00
5.4533695379812386e+00
8.0240107487641161e+00
4.8185126342793687e+00
5.2185406925118691e+00
3.8343928332506723e+00
6.0585052021027321e+00
4.7378399341141044e+00
5.5513413080684995e+00
4.7584730777241910e+00
4.8674943630049201e+00
4.5988190637854345e+00
5.9525256764329546e+00
3.8042179100189362e+00
4.0600482186435336e+00
6.1700199558698241e+00
4.7386810722714250e+00
4.2921477084955351e+00
1.7858867141949561e+00
8.9620479176651617e+00
5.4764575716060593e+00
7.1375433418807548e+00
7.2204060241806900e+00
4.5179812011815308e+00
5.3328359219558390e+00
5.5613132576960380e+00
4.6342649009582928e+00
3.7802004865115957e+00
6.8726736671537356e+00
5.5799718625314751e+00
5.3679579239649016e+00
3.9448567234638809e+00
4.0250796276007108e+00
8.7810217753059572e+00
3.9284794082603005e+00
4.8530869314499876e+00
5.1485839630951560e+00
3.9324574841969051e+00
6.2052094597654381e+00
7.5849719182273700e+00
3.3330529419767383e+00
4.6888985708596449e+00
6.4703737903180167e+00
5.5422987312905398e+00
4.3602366897989375e+00
4.0942371566887488e+00
5.9811747804270707e+00
5.5283989018172157e+00
3.2238770459680870e+00
4.0460198009843431e+00
8.7687647246599028e+00
6.6699454552735373e+00
6.4596846157143304e+00
4.8598013884720750e+00
3.7777349562163574e+00
5.2260599828642427e+00
6.0956923255205782e+00
5.9346195635619940e+00
6.1794216318830228e+00
5.0182317115099373e+00
6.5833152419840912e+00
5.2451753391646232e+00
8.9406794619325982e+00
4.4331176095572644e+00
5.2453894933086769e+00
3.9214086987464776e+00
6.1405208301516820e+00
3.8346843822982231e+00
5.9739904457143895e+00
2.9033739540127899e+00
6.8756139908968645e+00
3.4052472634420439e+00
4.2666910273992391e+00
4.6967830592903859e+00
3.0181783991743618e+00
5.3909908629010452e+00
4.7854258052412293e+00
5.5443085769306206e+00
4.1046732453812247e+00
8.3056239724470995e+00
6.7713970424788341e+00
4.3057001617881188e+00
4.0420911444921197e+00
3.8791723525809925e+00
7.8585376696479621e+00
