По порядковым статистикам (L-оценки); N=100 выб.; n=20 набл.; Лап(0.9690,0.1654)
0 100
1.1819302896609904e-01
1.9851569909527195e-01
1.4994334373496274e-01
2.4935236789064152e-01
1.6760888159190718e-01
8.9729356176999953e-02
1.1207539481740712e-01
1.0127064663940973e-01
1.3053325033799804e-01
1.0899223068014968e-01
1.0861393803622758e-01
1.3236018920779463e-01
1.4498413545706401e-01
8.4671353635450114e-02
2.0946117732819935e-01
2.0960489844258354e-01
1.8034643206666573e-01
2.6535918746933879e-01
1.5935130661676569e-01
1.7258049137460740e-01
1.2680583292405412e-01
2.0035865703002326e-01
1.5668340862725996e-01
1.8358642139933806e-01
1.5736575999013847e-01
1.6097116386381760e-01
1.5208589920818011e-01
1.9685384606291501e-01
1.2580792886396289e-01
1.3426840142424845e-01
2.0404652152942979e-01
1.5671122561920617e-01
1.4194408058352120e-01
5.9060420297493456e-02
2.9638067890232339e-01
1.8110996811259353e-01
2.3604314113373179e-01
2.3878346323225302e-01
1.4941253919130762e-01
1.7636030799641234e-01
1.8391620019239621e-01
1.5325811581378579e-01
1.2501365724563321e-01
2.2728373091513004e-01
1.8453325224381234e-01
1.7752181515568777e-01
1.3045894472924885e-01
1.3311196765879466e-01
2.9039402815031801e-01
1.2991733639422498e-01
1.6049470083379122e-01
1.7026697741382635e-01
1.3004889391877589e-01
2.0521026101457834e-01
2.5083989142104329e-01
1.1022620085117089e-01
1.5506488635029381e-01
2.1397941568356715e-01
1.8328737758606006e-01
1.4419582692124397e-01
1.3539905156212750e-01
1.9780129032845795e-01
1.8282770128829806e-01
1.0661568386751069e-01
1.3380447265568415e-01
2.8998867961833985e-01
2.2057937879586906e-01
2.1362591780657092e-01
1.6071675225844215e-01
1.2493212056711506e-01
1.7282915914402575e-01
2.0158845904601411e-01
1.9626167942432959e-01
2.0435744099736253e-01
1.6595614478018575e-01
2.1771446201900915e-01
1.7346131624720532e-01
2.9567401034758939e-01
1.4660604569417432e-01
1.7346839844078615e-01
1.2968350350786442e-01
2.0307096645542902e-01
1.2681547466980211e-01
1.9756369976435739e-01
9.6016440825338167e-02
2.2738096930848814e-01
1.1261371341374361e-01
1.4110221179194957e-01
1.5532563145302145e-01
9.9813097551583740e-02
1.7828352925310545e-01
1.5825710396884349e-01
1.8335384447145159e-01
1.3574417971702488e-01
2.7467231749536863e-01
2.2393444791669095e-01
1.4239226891485957e-01
1.3367454946953264e-01
1.2828672040749439e-01
2.5988688650049435e-01
