По порядковым статистикам (L-оценки); N=100 выб.; n=20 набл.; Лап(0.0000,1.0000)
0 100
7.1479125632503904e-01
1.2005554573418895e+00
9.0680636568205852e-01
1.5079983470048752e+00
1.0136415330222914e+00
5.4265264029454019e-01
6.7779388487581105e-01
6.1245044129981097e-01
7.8942071982172435e-01
6.5914795634292334e-01
6.5686017106599393e-01
8.0046942496035001e-01
8.7681475993943547e-01
5.1206356050771606e-01
1.2667499885535976e+00
1.2676191650707509e+00
1.0906739076345313e+00
1.6048021498825136e+00
9.6370252685064972e-01
1.0437081384973632e+00
7.6687856664357823e-01
1.2117010404973072e+00
9.4756798680569665e-01
1.1102682616093740e+00
9.5169461571570246e-01
9.7349887262528212e-01
9.1976381276127817e-01
1.1905051352851823e+00
7.6084358197559487e-01
8.1200964370835649e-01
1.2340039911825231e+00
9.4773621445473599e-01
8.5842954166223384e-01
3.5717734283221647e-01
1.7924095835321552e+00
1.0952915143206945e+00
1.4275086684799765e+00
1.4440812048356575e+00
9.0359624030145624e-01
1.0665671843675213e+00
1.1122626515109666e+00
9.2685298013821649e-01
7.5604009726166244e-01
1.3745347333648457e+00
1.1159943726005173e+00
1.0735915847928050e+00
7.8897134474408515e-01
8.0501592553147716e-01
1.7562043550679234e+00
7.8569588164672788e-01
9.7061738630585503e-01
1.0297167926388480e+00
7.8649149684020825e-01
1.2410418919546569e+00
1.5169943835761870e+00
6.6661058844865639e-01
9.3777971424814277e-01
1.2940747580971608e+00
1.1084597463029191e+00
8.7204733801953760e-01
8.1884743133052296e-01
1.1962349560751493e+00
1.1056797803651455e+00
6.4477540916544895e-01
8.0920396022852970e-01
1.7537529449155886e+00
1.3339890908940391e+00
1.2919369231074023e+00
9.7196027773538973e-01
7.5554699122990832e-01
1.0452119966326305e+00
1.2191384647692050e+00
1.1869239127536881e+00
1.2358843264034760e+00
1.0036463424248581e+00
1.3166630482705599e+00
1.0490350678691183e+00
1.7881358919830730e+00
8.8662352192377292e-01
1.0490778986605376e+00
7.8428173985022698e-01
1.2281041658934431e+00
7.6693687652797415e-01
1.1947980889968592e+00
5.8067479053391335e-01
1.3751227981581908e+00
6.8104945269533457e-01
8.5333820551917594e-01
9.3935661185445540e-01
6.0363567987430433e-01
1.0781981727297389e+00
9.5708516113148412e-01
1.1088617151016933e+00
8.2093464908115632e-01
1.6611247943212533e+00
1.3542794085578407e+00
8.6114003237417647e-01
8.0841822892130910e-01
7.7583447050906618e-01
1.5717075340542959e+00
