Метод минимума статистики Андерсона-Дарлинга; N=100 выб.; n=20 набл.; Лап(0.0000,5.0000)
0 100
3.4036674708508921e+00
6.1206966600447261e+00
5.2786520491217646e+00
7.1482439665686606e+00
4.8433539387302709e+00
4.6795032838352313e+00
3.6990439046212891e+00
3.6381420824958419e+00
4.0344419185793647e+00
4.2640767299844402e+00
4.3175379604850095e+00
3.7768911524155535e+00
4.8105877607583309e+00
4.2158130316798292e+00
6.5101919055701485e+00
6.1808794827367564e+00
5.0796657954410795e+00
8.7534590657200280e+00
6.1624526499730994e+00
5.7680170919904574e+00
4.8889918066052669e+00
6.1195882072388361e+00
4.9346539843131279e+00
5.4626454808263842e+00
4.7839020756741713e+00
4.7427775932568546e+00
5.7637688467128925e+00
5.7598779577233756e+00
4.1466402543760568e+00
4.0481547553398860e+00
5.5180618271111470e+00
6.9308443565477189e+00
4.9150710830227444e+00
4.3298994313372852e+00
9.3196113225936976e+00
6.5151950850425653e+00
7.4058692283729526e+00
9.4215302476341360e+00
4.7954495101879386e+00
8.1468043221391735e+00
5.2906861742555291e+00
5.8634539194192712e+00
4.7093272762862748e+00
7.2711985999486197e+00
5.0541912555476456e+00
5.7857529101914960e+00
3.9040914978869501e+00
4.5351991050031062e+00
9.2464276190413752e+00
4.2662393076395082e+00
5.0804515730363118e+00
7.4608955264774188e+00
3.9537310427185881e+00
6.3953574429012825e+00
7.9643578315098953e+00
4.1287269425869653e+00
4.3032003256271150e+00
7.1915097507312069e+00
5.5116137283689977e+00
5.2969022617244859e+00
4.6923990909217759e+00
6.9728168451748695e+00
6.3723888218453224e+00
4.6293208151056495e+00
4.7067118905044127e+00
9.3705998877834631e+00
7.1696862578647229e+00
6.4574905017648350e+00
5.0896670001137743e+00
4.3579290724196209e+00
5.5158669717536046e+00
6.3067850997064179e+00
6.8093355493670629e+00
6.6200227797952556e+00
5.3532308364824583e+00
6.7034674172090218e+00
5.2881306370672077e+00
7.8284453899537851e+00
4.4976797484761626e+00
6.5041515043172380e+00
4.5189806324768149e+00
6.8977120975081991e+00
5.1728328053967125e+00
5.7056072191153095e+00
4.7830648223904859e+00
7.2357479018853956e+00
4.4182320371304966e+00
5.2382132943717687e+00
4.7440277779760285e+00
3.2998098396710613e+00
5.5599459591581759e+00
5.8675568858501528e+00
6.6075984941000616e+00
4.3459540895558160e+00
7.8450829861655968e+00
8.4545694799681552e+00
4.3747339832970562e+00
4.9657842668417080e+00
4.2976515244858380e+00
8.1633361447744139e+00
