Метод минимума статистики Андерсона-Дарлинга; N=100 выб.; n=20 набл.; Лап(0.0000,1.0000)
0 100
6.8200246265201026e-01
1.0998122240408756e+00
1.0546648105661123e+00
1.4314070703792359e+00
9.6852688565392930e-01
5.0573908478759921e-01
7.3920447498235986e-01
6.6429348583706971e-01
7.7785945785191468e-01
7.3845029286424158e-01
8.6287488390475031e-01
7.0763434760467836e-01
9.0237057672478793e-01
5.4480661957945198e-01
1.2842253983303387e+00
1.2196410895826348e+00
1.0101829569616674e+00
1.5539652127660057e+00
9.4992058797650758e-01
1.1787288623446817e+00
8.3513324453093007e-01
1.0914367653974444e+00
9.8600616567866306e-01
1.0767869754298953e+00
9.5719412185112529e-01
8.8284184809653343e-01
9.5285009868086812e-01
1.1298435272877003e+00
8.0457331773303664e-01
7.7300815533052314e-01
1.1065852544240222e+00
1.0002186367470161e+00
9.3310416258819795e-01
4.6148779359419789e-01
1.7891305910419211e+00
1.1211073242580820e+00
1.3747457179799865e+00
1.3084814689011148e+00
9.3863560759751896e-01
1.1498381468053105e+00
1.0579473547711786e+00
9.1642442013020353e-01
8.7343040340935019e-01
1.3514083658426348e+00
1.0084454751614356e+00
1.0736236096258911e+00
7.7745973215986175e-01
8.2456893721868785e-01
1.7447588073592677e+00
8.1167532248833096e-01
9.8025348319182981e-01
1.0912536420309702e+00
7.4456366324982526e-01
1.1602322109479710e+00
1.5239428875848406e+00
7.9326974839811448e-01
8.6108008032426975e-01
1.3112025499166624e+00
1.1039829045679954e+00
9.3044664456283865e-01
9.3238764239595562e-01
1.3822923124822231e+00
1.2325619244832524e+00
7.6297434303140566e-01
8.7376180292004890e-01
1.7581917171757877e+00
1.4332890657266146e+00
1.2850420254511605e+00
1.0182232207823878e+00
8.5694353992453953e-01
1.0578797318971533e+00
1.2570082213667071e+00
1.3068131109894716e+00
1.3135297915297979e+00
1.0561054557473932e+00
1.3401476997636776e+00
1.0445712673562124e+00
1.5608759325726249e+00
8.7806429057178204e-01
1.2439380680810295e+00
8.4042247536502956e-01
1.0860677965710377e+00
8.5500649610221990e-01
1.1122776612671994e+00
5.4977004221406522e-01
1.4364827511029750e+00
7.5085540745632817e-01
8.5706664281695744e-01
9.2003111832276052e-01
6.5871346706609113e-01
1.0574370486196865e+00
1.1242992989904805e+00
1.1260881444579209e+00
8.0022721993171275e-01
1.5867141583087503e+00
1.2889183367231940e+00
8.6866494092204838e-01
9.0583000795908564e-01
7.8875104094929172e-01
1.4749098091612700e+00
