Метод минимума статистики Андерсона-Дарлинга; N=100 выб.; n=20 набл.; Лап(0.9690,0.1654)
0 100
1.1256146136246774e-01
2.0241512715150470e-01
1.7456843862860782e-01
2.3639702400909543e-01
1.6017258602189888e-01
1.0169395158040573e-01
1.2232975249752709e-01
1.2031571318557811e-01
1.3342133552629126e-01
1.4101550876955235e-01
1.4278350710811991e-01
1.2490424627403762e-01
1.5908923943100059e-01
9.1984306195596208e-02
2.1529598960095944e-01
2.0440540809301805e-01
1.6798782694671557e-01
2.8948228051905328e-01
2.0379603263645743e-01
1.9075203732250631e-01
1.6168186154965372e-01
2.0237847522970781e-01
1.6319216477799461e-01
1.8065319688801720e-01
1.5820673680955816e-01
1.5684672085753823e-01
1.9061123958606507e-01
1.9048291291079025e-01
1.3713181603151392e-01
1.3387483907278822e-01
1.8248585556976910e-01
2.2920722817883046e-01
1.6254455285959593e-01
1.4319231669685820e-01
3.0820529222886306e-01
2.1546168422581402e-01
2.4491660815753435e-01
3.1157602785354555e-01
1.5858860583801290e-01
2.6941981901096718e-01
1.7496644052128160e-01
1.9390794964656469e-01
1.5574048425603365e-01
2.4046321056466208e-01
1.6714510710516728e-01
1.9133837141958140e-01
1.2911081896376914e-01
1.4998171140855687e-01
3.0578506236889769e-01
1.4108702926823630e-01
1.6801381101460136e-01
2.4673660585333970e-01
1.3075218783136888e-01
2.1149858484205308e-01
2.6338619197386337e-01
1.3653941453823176e-01
1.4230936131182920e-01
2.3782760835785072e-01
1.8227260511082144e-01
1.7517194750668935e-01
1.5518065298356645e-01
2.3059529272271673e-01
2.1073875403104897e-01
1.5309462062058163e-01
1.5565401734762185e-01
3.0989150101929763e-01
2.3710587927453497e-01
2.1355311269971020e-01
1.6831856165920633e-01
1.4411927610472364e-01
1.8241302628245551e-01
2.0856919651468539e-01
2.2518885415100573e-01
2.1892841131765745e-01
1.7703478895519387e-01
2.2168774545251632e-01
1.7488186308428663e-01
2.5889172784770703e-01
1.4874089382457786e-01
2.1509622277523197e-01
1.4944532775627242e-01
2.2811153623760477e-01
1.7106866893436770e-01
1.8868785828276544e-01
1.0691157619222501e-01
2.3929058699382741e-01
1.4611353368735530e-01
1.7323083890842644e-01
1.5688805443485337e-01
1.0912681534672479e-01
1.8387073895039882e-01
1.9404362954706700e-01
2.1851728762192998e-01
1.4372325503825079e-01
2.5944166856436884e-01
2.7959781023927627e-01
1.4467502557652392e-01
1.6422147901722262e-01
1.4212585902591415e-01
2.6996652972180335e-01
