Метод максимального правдоподобия; N=100 выб.; n=20 набл.; Лап(0.9690,0.1654)
0 100
1.0032554718762371e-01
1.7595014886845026e-01
1.7790194103384266e-01
2.3288811880665575e-01
1.5784541864317725e-01
8.2499023509618907e-02
1.2009439566971035e-01
1.1049348766287151e-01
1.2303609001900098e-01
1.3103039642590611e-01
1.6489890300860438e-01
1.1071053750317916e-01
1.4713242045638011e-01
9.1841621418402505e-02
1.9215579483969170e-01
1.7443254482887746e-01
1.4644515768471106e-01
2.4314865940395736e-01
1.5957152009024134e-01
1.6276987759770195e-01
1.4141908743181411e-01
1.7109893992802988e-01
1.5805563774078651e-01
1.6099532118642285e-01
1.3857621496524392e-01
1.3868380970446720e-01
1.5462236824966136e-01
1.7076983506372498e-01
1.3230055840414029e-01
1.1981885525747499e-01
1.6800277283549547e-01
1.7816810187513743e-01
1.5616764261273808e-01
9.6717291291713539e-02
2.8697113420677844e-01
1.7548974142808263e-01
2.2076990031336302e-01
2.1810750807621548e-01
1.4695380723128265e-01
2.0195992066044632e-01
1.6443057650465134e-01
1.5618581847232108e-01
1.4277976309210474e-01
2.0117912421019038e-01
1.5076127612613310e-01
1.6576127783044103e-01
1.1626339760428039e-01
1.2988848910884201e-01
2.5280333513123282e-01
1.3341236281102076e-01
1.5160440769504133e-01
1.8078224963543316e-01
1.2207085807741522e-01
1.7889172600748240e-01
2.2866837221099365e-01
1.1273042375834677e-01
1.2797783300886875e-01
2.0099824371000649e-01
1.8153051928628147e-01
1.5617558892277592e-01
1.5329183368559496e-01
2.2278866861064833e-01
1.7575537006105726e-01
1.3613928435976907e-01
1.3398576147500191e-01
2.8064152224904132e-01
2.2203613151093285e-01
1.8819459421365164e-01
1.5278302724621873e-01
1.3097958822174546e-01
1.6777381752589698e-01
2.3939357297665836e-01
2.0596252057332293e-01
2.0579947930564110e-01
1.6341690984509238e-01
2.0233204087876280e-01
1.6341131907545101e-01
2.4078691615728409e-01
1.3267655758287333e-01
2.0109312305029653e-01
1.3179729963668352e-01
2.0034909493399936e-01
1.4506384759682278e-01
1.6684638166703569e-01
9.1415339217025104e-02
2.1633519858228220e-01
1.2059818618889674e-01
1.4663279291847198e-01
1.4462965011878814e-01
1.0842410657099576e-01
1.6746330431613674e-01
1.6036766305146749e-01
1.8684020549083086e-01
1.2704669871921895e-01
2.2586482238411953e-01
2.0878732116391027e-01
1.4526802250065421e-01
1.4835757859650012e-01
1.2379891062329221e-01
2.2644676991710960e-01
