Метод максимального правдоподобия; N=100 выб.; n=20 набл.; Лап(0.0000,5.0000)
0 100
3.0336813619687013e+00
5.3204340977470022e+00
5.3794524769837784e+00
7.0421479716295270e+00
4.7729786195184465e+00
2.4946366517158554e+00
3.6314511249812673e+00
3.3411426315589670e+00
3.7204007342973529e+00
3.9621436290494287e+00
4.9862696733853529e+00
3.3477055763668702e+00
4.4490415708137174e+00
2.7771409816395254e+00
5.8104717069994924e+00
5.2745409170009410e+00
4.4282599707307373e+00
7.3524092497216147e+00
4.8251695409603590e+00
4.9218914996940422e+00
4.2762802272278133e+00
5.1737398812145967e+00
4.7793307426032889e+00
4.8682319451463325e+00
4.1903163154729102e+00
4.1935700348565748e+00
4.6755150028999957e+00
5.1637881858829040e+00
4.0005512244694117e+00
3.6231187384134649e+00
5.0801253966654798e+00
5.3875006936795913e+00
4.7222516463333815e+00
2.9245735119880178e+00
8.6775263041165829e+00
5.3065126236652933e+00
6.6757138971108230e+00
6.5952071816932953e+00
4.4436403569535061e+00
6.1069313096342910e+00
4.9721075941163475e+00
4.7228010788489492e+00
4.3174247343459289e+00
6.0833218823103872e+00
4.5587717791093727e+00
5.0123346069567507e+00
3.5156146655999367e+00
3.9276141624018734e+00
7.6443427667752921e+00
4.0341701183223417e+00
4.5842666525386209e+00
5.4665480204206416e+00
3.6912146203439704e+00
5.4093817440976029e+00
6.9145500666194692e+00
3.4087835341789487e+00
3.8698387462342234e+00
6.0778522185581911e+00
5.4891748505189524e+00
4.7224914897546038e+00
4.6352915497465839e+00
6.7367577821372970e+00
5.3145443801005783e+00
4.1166276424807871e+00
4.0515087463957205e+00
8.4861295692606316e+00
6.7140023363676855e+00
5.6906920482791783e+00
4.6199061376877202e+00
3.9606069941942423e+00
5.0732024652844467e+00
7.2388618720096023e+00
6.2279646593703255e+00
6.2230336634662962e+00
4.9414567057330867e+00
6.1181841127090379e+00
4.9412875708069652e+00
7.2809938658538913e+00
4.0119205777645712e+00
6.0807213534248064e+00
3.9853335017296603e+00
6.0582229211867471e+00
4.3864915559391182e+00
5.0451580780083516e+00
2.7642510827464517e+00
6.5416158055496636e+00
3.6466754823898464e+00
4.4339334110100950e+00
4.3733621802204672e+00
3.2785678344358606e+00
5.0638127963934645e+00
4.8492440148906324e+00
5.6497389715186062e+00
3.8416826422863748e+00
6.8297757090584339e+00
6.3133807497100332e+00
4.3926654573829644e+00
4.4860880755032575e+00
3.7434638430857547e+00
6.8473725238014618e+00
