Метод максимального правдоподобия; N=100 выб.; n=20 набл.; Лап(0.0000,1.0000)
0 100
6.0673723525350065e-01
1.0305112276980830e+00
1.0758915094544306e+00
1.3909309889713677e+00
9.5459673897970443e-01
4.7038323359681417e-01
7.2629116418619610e-01
6.5250633578768624e-01
7.3762224872774040e-01
7.5093505616603384e-01
9.9725494567515383e-01
6.5049161733990879e-01
8.8190007537738613e-01
5.4675534756180000e-01
1.1520816431798631e+00
1.0293142209234687e+00
8.8370750694721745e-01
1.4510450650306781e+00
8.4657968723726384e-01
9.7244882225187235e-01
8.4062306746981230e-01
9.4662522027217677e-01
9.4541648183222471e-01
9.7364643174271526e-01
8.3806427827680652e-01
8.1661473596428746e-01
8.6133662110830600e-01
1.0154070460061406e+00
7.8785982994940884e-01
7.1323584587774158e-01
1.0118738756577117e+00
9.6084717367055628e-01
8.9140293217282218e-01
4.8769876696096343e-01
1.7172309228917451e+00
1.0205619120473084e+00
1.2659001727297643e+00
1.1672180207609633e+00
8.7059717088379385e-01
1.1122044014253509e+00
9.9442266315766115e-01
8.6077415304708682e-01
8.3818258172063154e-01
1.2074354129932852e+00
9.1060655868490814e-01
9.5493419530710189e-01
6.9541827766141318e-01
7.5013074639332589e-01
1.5144569263216259e+00
7.9058105374114929e-01
9.0863787415654007e-01
9.9312049522956547e-01
7.3017077319009172e-01
1.0055372683308874e+00
1.3749940397938747e+00
6.7651334387618933e-01
7.7396875800097187e-01
1.2065302009814742e+00
1.0966649124488745e+00
9.1296146072068318e-01
9.2546095170679465e-01
1.3254491883977519e+00
1.0629098892413094e+00
7.7674676794013620e-01
8.1030179573005912e-01
1.6937597749794915e+00
1.3428014522607974e+00
1.1381383971304471e+00
9.2398224875907697e-01
7.8472425635540022e-01
9.7426157951501491e-01
1.4477733439256062e+00
1.2285987886729222e+00
1.2401040997199768e+00
9.8829234371755981e-01
1.2157008045063298e+00
9.7961126915772256e-01
1.4451725737983354e+00
8.0238512603988110e-01
1.2141444274043345e+00
7.7762076305218208e-01
1.1418898387296676e+00
8.5083657106706112e-01
9.8566995078913189e-01
5.4337472673906106e-01
1.3083241765519735e+00
6.8775568939757459e-01
8.5888515346853012e-01
8.5260612299768401e-01
6.5571457961872515e-01
1.0080951664998399e+00
9.0407626951886688e-01
1.0645368658448893e+00
7.2322538085167054e-01
1.3659560914972779e+00
1.1978694923987239e+00
8.7640750331497930e-01
8.9112530331614814e-01
7.1788282232103684e-01
1.3408723168127494e+00
