Метод минимума статистики Крамера-Мизеса-Смирнова; N=100 выб.; n=20 набл.; Лап(0.0000,1.0000)
0 100
7.2206762436269656e-01
1.1270544870806720e+00
9.2719820683303378e-01
1.3676473575090409e+00
9.4480092403874960e-01
5.2016356906159444e-01
6.7936177095367489e-01
5.9775961541419098e-01
7.8442929971882835e-01
6.4786067939396630e-01
6.0193223375295823e-01
7.0782016430868877e-01
7.9232590994539009e-01
4.9807891184963959e-01
1.3596297167528515e+00
9.3316242152562112e-01
1.0790702643426018e+00
1.4604531470190774e+00
9.3741931432508030e-01
1.0545661022009041e+00
8.3930863191163196e-01
1.0925312550855775e+00
9.8345962480512794e-01
1.1107869318826900e+00
9.8465518375425876e-01
8.5482377064519111e-01
9.8214390742626656e-01
1.1943679524263089e+00
7.3244773044139722e-01
7.3309978816091448e-01
1.0509206090914347e+00
9.7221999363379175e-01
9.1933681701006376e-01
4.2066802897356015e-01
1.8392075863431263e+00
1.1185101434543914e+00
1.2845226066439508e+00
1.3892745467602399e+00
9.4282493285774316e-01
1.1596285428980555e+00
9.9322852561699682e-01
8.2886897550925198e-01
8.4247031897836366e-01
1.3646095780189678e+00
7.3655587738401151e-01
1.1239493328206545e+00
7.9813458937614212e-01
8.1369431247038049e-01
1.8780660204025026e+00
7.7354503548162901e-01
9.2142161618481555e-01
1.1106719598041392e+00
6.2263879537239408e-01
1.0115458609174457e+00
1.5119465796547700e+00
4.3703690166981973e-01
9.1109509313489978e-01
1.3955542972222601e+00
1.0724960939566111e+00
9.4113466567224835e-01
8.8702120513965332e-01
1.3011541934317763e+00
1.2605512092801028e+00
6.8525084721351515e-01
9.0084704027988949e-01
1.8018114303394461e+00
1.4109726285223942e+00
1.3793526721709652e+00
1.0918110724454118e+00
8.6589576091602249e-01
1.0534730680525271e+00
7.9556238633071119e-01
1.3150978456090980e+00
1.3116081946291649e+00
1.0843227621890210e+00
1.3978668239916934e+00
1.0095589080516336e+00
1.5147687407249564e+00
8.8740963153205854e-01
1.1002977239500127e+00
8.1093978050863558e-01
9.5322040243537620e-01
8.6914487351705005e-01
1.0842955493493349e+00
3.9961818465775700e-01
1.5306200878864866e+00
7.7614615393205444e-01
7.3384557927373228e-01
9.3802225874196954e-01
6.6394444145813725e-01
1.0831593588465582e+00
1.0922815562604811e+00
1.1109394475638328e+00
6.3312621791866897e-01
1.3498013302340965e+00
1.3517857178381427e+00
7.8492974781047153e-01
8.7312836465130073e-01
7.8357541707589384e-01
1.5213179105200143e+00
