Метод минимума статистики Крамера-Мизеса-Смирнова; N=100 выб.; n=20 набл.; Лап(0.9690,0.1654)
0 100
1.1875239549825929e-01
2.1340109073474550e-01
1.5183190510654312e-01
2.2489923269110254e-01
1.5467451238757154e-01
1.0758502322006794e-01
1.1154717092523213e-01
1.1123924888748359e-01
1.3305904764664656e-01
1.2845928272989501e-01
1.0046242377285683e-01
1.3015366138312420e-01
1.5075596552921702e-01
8.9224863685946135e-02
2.2883892464467240e-01
1.8712820012538733e-01
1.7937589334428608e-01
2.3998696934776073e-01
2.2237761517993654e-01
1.6326925115673424e-01
1.5878378389118630e-01
2.2183842441075075e-01
1.6276248998531387e-01
1.7938507509787149e-01
1.6090480481011124e-01
1.6342454418703883e-01
1.9959720056428104e-01
1.9935688888634462e-01
1.3119371111375430e-01
1.3457965002233227e-01
1.7298458197443961e-01
2.4057468815160230e-01
1.6908601857386155e-01
1.5688591050219111e-01
3.1994868060981041e-01
2.0589666427455758e-01
2.4003118912772156e-01
3.2263516834424971e-01
1.6021400472214484e-01
2.7805911668820371e-01
1.6386947404278165e-01
1.9551710078207823e-01
1.6017045256363568e-01
2.3180715623387010e-01
1.3164957166543878e-01
2.0663043924018587e-01
1.3103449741553858e-01
1.4886979268166114e-01
3.1025103477267169e-01
1.3674007120343079e-01
1.5522549908706509e-01
2.4997468509193577e-01
1.1782494319884659e-01
2.2623091348743626e-01
2.4009574033874168e-01
5.2700686264450583e-02
1.5048529638538449e-01
2.4730406578641975e-01
1.7636348594353943e-01
1.8010124092398186e-01
1.4893072877269628e-01
2.2090113920090276e-01
1.9269011978409339e-01
1.5143313395892180e-01
1.5944094801846234e-01
3.0582207302476500e-01
2.3337406575944844e-01
2.2278562264922855e-01
1.8024318173121359e-01
1.4933322348269784e-01
1.8977370296961982e-01
1.3215352074108108e-01
2.2615029077214505e-01
2.2245957012458611e-01
1.7342393489720767e-01
2.3176925640420676e-01
1.7250995504876923e-01
2.4961746082365197e-01
1.5092222185225332e-01
1.9536711393044484e-01
1.5316610040198800e-01
2.3113145979095573e-01
1.6772702942314921e-01
1.9351690583128864e-01
7.6720095746260111e-02
2.5081403150864473e-01
1.5635521852686241e-01
1.7559397051138048e-01
1.6538393377518207e-01
1.0993443879364370e-01
1.8809090676224921e-01
2.0998806244241053e-01
2.1728919387674167e-01
1.4867622997302737e-01
2.2341711687983964e-01
2.9594030320736098e-01
1.2686058949314008e-01
1.6336263450761676e-01
1.3708283593894025e-01
2.8054656059764621e-01
