Метод минимума статистики Крамера-Мизеса-Смирнова; N=100 выб.; n=20 набл.; Лап(0.0000,5.0000)
0 100
3.5908779694094513e+00
6.4528851412311932e+00
4.5911460973375302e+00
6.8005704596283145e+00
4.6770942811210139e+00
3.2531953700942573e+00
3.3730041808946960e+00
3.3636931861996064e+00
4.0234868057722109e+00
3.8843977297222190e+00
4.9637524467680567e+00
3.9356328637041624e+00
4.5586113522632790e+00
4.9339832183544079e+00
6.9196999800046255e+00
5.6584458189868876e+00
5.4240220531433607e+00
7.2568054127286841e+00
6.7243210564132179e+00
4.9369843326226350e+00
4.8013588506532043e+00
6.7080165839457964e+00
4.9216681837081717e+00
5.4242997140840101e+00
4.8654949370131950e+00
4.9416875769445099e+00
6.0354799885604518e+00
6.0282199950382687e+00
3.9670820328866920e+00
4.0694670159284980e+00
5.2307668490854198e+00
7.2745693544770109e+00
5.1128737443081462e+00
4.7439707137591736e+00
9.6747039584309160e+00
6.2259650541707403e+00
7.2581351311352913e+00
9.7559386406342057e+00
4.8446062986490990e+00
8.4080350732375688e+00
4.9551390083089339e+00
5.9121119576732823e+00
4.8432893554485332e+00
7.0094617762492621e+00
3.9808666668420902e+00
6.2481531918755886e+00
3.9622676104386039e+00
4.5015768616245930e+00
9.3814635851691044e+00
4.1347944555602361e+00
4.6937623884650099e+00
7.5588080126870585e+00
3.5628333775594432e+00
6.8408498363892214e+00
7.2600868033726362e+00
2.4831111024941910e+00
4.5504266861997511e+00
7.4780543790192535e+00
5.3329317589784528e+00
5.4459625133103557e+00
4.5034192247241966e+00
6.6796762872723141e+00
5.8266288175103345e+00
4.5790879251602776e+00
4.8212306264743967e+00
9.2475473364562024e+00
7.0568347597006360e+00
6.7366582276480695e+00
5.4502548172203946e+00
4.5155902105696004e+00
5.7384415669869755e+00
3.9960975413237634e+00
6.8384001114709809e+00
6.7267989863102056e+00
5.2440521409181864e+00
7.0083083315327164e+00
5.2164149295066764e+00
7.5480150963967132e+00
4.5636385765797511e+00
5.9075767205832896e+00
4.6314822320948954e+00
6.9890298583663464e+00
5.0717641006729153e+00
5.8516294277116279e+00
2.3198924383207302e+00
7.5841896873809302e+00
4.7279234019840226e+00
5.3096703097148596e+00
5.0009364129788922e+00
3.3242376828545717e+00
5.6875492716516565e+00
6.3496891990974209e+00
6.5704558496514966e+00
4.4957238513623663e+00
6.7557545062969240e+00
8.9487317080164583e+00
3.8360557119272944e+00
4.9398155407573867e+00
4.1451590804641718e+00
8.4832590592280148e+00
