נטעונטי נאבבסא N=1000 N(0.0000,1.0000)  n=20   =100
0 1000
4.5229327902620098e-01
4.2997701090893187e-01
2.4771316220365625e-01
3.6273839024826804e-01
3.4950066798403817e-01
3.9104474193095873e-01
3.1906449218611593e-01
2.6822708604214190e-01
3.8583009570308585e-01
2.6023349089382158e-01
1.4603197005874335e-01
4.3000997417078396e-01
3.0611298021005084e-01
2.8899681876568800e-01
4.9456852837823401e-01
4.9614103108156360e-01
5.3510130098353226e-01
3.9092642504734143e-01
4.3345694140485319e-01
5.1661077905411401e-01
2.9674193003036020e-01
4.7103353522124897e-01
3.6510168237008050e-01
4.5268269745632234e-01
5.2689170183675216e-01
4.2546329456284054e-01
4.7212639912338022e-01
4.8934644547538514e-01
3.2105394712581664e-01
4.0963588497512143e-01
4.5311345959312882e-01
3.4254255700029268e-01
3.4834064607887061e-01
1.7832045203296204e-01
4.0539895884946053e-01
3.9496309017672060e-01
3.7691475172054578e-01
5.0917407496781208e-01
3.8593357806921258e-01
3.5219353024488326e-01
3.8903151441777478e-01
3.4906052291808454e-01
3.3354044118428350e-01
3.8875569900620865e-01
3.6736354152652634e-01
4.7120528293879382e-01
4.7792958498553356e-01
4.0467858004996426e-01
5.7257919309405136e-01
2.9382909426090792e-01
4.3097860413779138e-01
4.2995598142843089e-01
2.8995885352968015e-01
4.8518268389730762e-01
4.0385463726570964e-01
2.8930824628106172e-01
5.0846160864567258e-01
4.4818314809843252e-01
3.4115682747500936e-01
3.3113959861628695e-01
3.4138712816954497e-01
3.4932634518587091e-01
4.3767572421188516e-01
2.4016434216450569e-01
3.7174088166070657e-01
4.1566086261562823e-01
4.0280346530360339e-01
4.7824742793621650e-01
4.4218515085046001e-01
3.6552706156515541e-01
3.9063695758621259e-01
2.1284715286493758e-01
3.8159666092244593e-01
3.9278086300217180e-01
3.8557895474554776e-01
4.6495977604398547e-01
4.0627404737588874e-01
4.2673692659810719e-01
4.2461633819395750e-01
3.0830114951505844e-01
3.6871250692726543e-01
3.1708402537969632e-01
3.0778549820079398e-01
4.9171605971801230e-01
2.8296975584505346e-01
4.2688363630519011e-01
3.8508316199355086e-01
2.5783157972195397e-01
4.0918808130779322e-01
3.0565781174625833e-01
3.6943580136513610e-01
5.2045015864632349e-01
3.7822571806134869e-01
3.9621154444282791e-01
4.9533132040247208e-01
4.1102104735301831e-01
2.9555666017738136e-01
3.0009667807643053e-01
4.2351132530188607e-01
4.3395434130741978e-01
4.3046992256936190e-01
4.7084437166508886e-01
2.6967801221815890e-01
3.9501131853374671e-01
5.0340986638422103e-01
3.8345338340746038e-01
4.9344875144439143e-01
4.2024234638567881e-01
4.8786123027520450e-01
3.3320389121047456e-01
4.3124237926765657e-01
3.1456021942558826e-01
4.7072631349451599e-01
3.7871781852456377e-01
4.4354600125994825e-01
3.5319574964733980e-01
3.1402645348292640e-01
3.8009700901737475e-01
5.4538353804249096e-01
4.4059553279806785e-01
3.7276498224454341e-01
2.6984944590640997e-01
3.1566028960365333e-01
3.0361614848769375e-01
3.5142512336149395e-01
3.6288268405522089e-01
3.9192481528933898e-01
4.3635968238345185e-01
3.0319488239259762e-01
3.0316323580728488e-01
3.8133217491906629e-01
4.5816509251192999e-01
3.8122769388925842e-01
4.4732433116377185e-01
4.0927580392847190e-01
4.6812179345040628e-01
4.0564898268856064e-01
3.5170864743299945e-01
2.8922871356709173e-01
3.4316746133671805e-01
3.7837321197366586e-01
3.1543623566114642e-01
3.3498800358126241e-01
4.2402332615179755e-01
3.2910298445292452e-01
3.1042656740482283e-01
3.4119113954171487e-01
3.4634165652485271e-01
3.4708355718975342e-01
3.3889622875874109e-01
3.1881625835491190e-01
5.2864001772512503e-01
3.6369297136890616e-01
3.5484199595924459e-01
3.2509828232698262e-01
4.2958241019035265e-01
5.1709478298907985e-01
5.2319826235830380e-01
4.2250435982504392e-01
3.9882390294557263e-01
3.0970838258326872e-01
5.9850773901792320e-01
3.0346729430059832e-01
3.2427109251927472e-01
4.1261820778245628e-01
2.8454627921070141e-01
4.7643550683299468e-01
3.8461130639028174e-01
2.2387106172984189e-01
3.2912623251455697e-01
2.8423347147627187e-01
2.7341721882441256e-01
3.8780397071593570e-01
3.5497610066728014e-01
2.2135522833422738e-01
2.2013736838962258e-01
3.5799620478324146e-01
5.2750947844558105e-01
3.9527753583414355e-01
3.1393614954571053e-01
3.1079282769478539e-01
2.8553086524174071e-01
4.3640119072927541e-01
3.7719281524290177e-01
4.6250545410190458e-01
4.4240513652556912e-01
3.9996804761080329e-01
2.8242917107360943e-01
4.1372264084592325e-01
2.7819198615132257e-01
2.9728047763112991e-01
2.6486302211873991e-01
3.6592822969845717e-01
2.7860705642976091e-01
4.9475290582197157e-01
3.2833357069371355e-01
4.5479969843007129e-01
4.2287268587327392e-01
4.7908426438968588e-01
4.5045517656300121e-01
3.6174180863029348e-01
4.5138660380915802e-01
4.1795123552544250e-01
4.1872999236019914e-01
3.5710737718307917e-01
3.9701484642614976e-01
2.9553969147404768e-01
3.7108475992638945e-01
4.5930146007593481e-01
3.6798791987988749e-01
2.3571854671811382e-01
4.2173446883068205e-01
4.1185006300286814e-01
4.5793526583403221e-01
3.4612696083447203e-01
4.0621854778620919e-01
3.1578282909491862e-01
3.8651508630222176e-01
2.9983397446621929e-01
5.5269446336985617e-01
4.2889748443342257e-01
3.5904196990746845e-01
3.6137711385056148e-01
5.0048516561480327e-01
2.4802956388871930e-01
3.7606004193284770e-01
3.7433032550802231e-01
3.1454148675030702e-01
3.0524421947896835e-01
4.4660244334690508e-01
2.6768521535448825e-01
4.5698739725341986e-01
4.8604159695097404e-01
3.9351412369450495e-01
4.1165796714401981e-01
3.2879317065018904e-01
3.7840519775302311e-01
4.2996772010110262e-01
4.7389637448644079e-01
4.3301126103931475e-01
3.7510773847815382e-01
3.9423648872474398e-01
3.7563111264565080e-01
4.0358038574830424e-01
4.1128576710583187e-01
3.2593239800811968e-01
4.2344431534170923e-01
4.4302826787397326e-01
3.7726843800598681e-01
2.4706731358803546e-01
3.6907451769493704e-01
3.9348191690185597e-01
3.4447611453721788e-01
3.4719112011829739e-01
3.1347282682121985e-01
4.7278678167323634e-01
5.1132529169261554e-01
5.1558344298461978e-01
4.3398692031741204e-01
3.3989570916590978e-01
3.4272870820882612e-01
4.4711643061265666e-01
3.7194855929378196e-01
4.6572692782336211e-01
4.0612196129614897e-01
4.6156581602667268e-01
3.7444422746419720e-01
3.8856517072416363e-01
3.6903140060380202e-01
2.6896842025900247e-01
3.1368818547491450e-01
2.3098947853013074e-01
3.9147019365770053e-01
3.0301432541193207e-01
4.2082395292127617e-01
3.3277715158881555e-01
2.0727579024751688e-01
4.8220651584416596e-01
4.0706848052432898e-01
3.3206013782261307e-01
3.3686185565679505e-01
3.1711708458971521e-01
3.0600979835044850e-01
3.7123975719104313e-01
3.5689243604379567e-01
4.1737029247479074e-01
3.4695198016749845e-01
1.5960161134836617e-01
3.6515765168844333e-01
4.4417858207036659e-01
3.4827355370165314e-01
3.3095615221932639e-01
4.9910389511287701e-01
3.9141754683266489e-01
3.2712633061862717e-01
2.9943882279754430e-01
3.3070368883865697e-01
3.2098869396578478e-01
5.1352112284537710e-01
5.3162448397322259e-01
4.7144870007437972e-01
3.4523721876370100e-01
2.0923936223956258e-01
3.7769014554595237e-01
2.9857941356894491e-01
4.9510609307807241e-01
3.7492953669275025e-01
4.3806289801167753e-01
3.8605701997136527e-01
3.4316787139625066e-01
3.1476429011049145e-01
4.6702637300096544e-01
4.3128691173129180e-01
3.0089656931939968e-01
3.7035446079409762e-01
3.5348194302725777e-01
2.2588090280105660e-01
3.9788948991885181e-01
3.6816938395965687e-01
3.2617725543471626e-01
4.8108956832156791e-01
3.5659660516896385e-01
3.3952421213898376e-01
7.0491083057530102e-02
3.8032102984293920e-01
2.5839618764453742e-01
3.2745250600979681e-01
5.9591276337901822e-01
5.1069719289764104e-01
2.7540236070833696e-01
2.6472663494259946e-01
4.2874890220070272e-01
3.4377246772442399e-01
4.6340601454115626e-01
3.0854380359772327e-01
4.4004915435978731e-01
3.6036320108038328e-01
3.2264312260364536e-01
3.9683417844232227e-01
4.2805860234725079e-01
4.0482066149710066e-01
4.9309909029737975e-01
4.2222113630113145e-01
3.5636575929584158e-01
4.5854493998302720e-01
3.5113027787680490e-01
3.5696359738241878e-01
4.1284334328186689e-01
2.5010370296351547e-01
4.5675504973133529e-01
5.5253430652198243e-01
3.1532877183336272e-01
3.4276186314181045e-01
4.5161692851551100e-01
2.1709782163977370e-01
4.2808613386998229e-01
3.3368234680595421e-01
4.3532625530904084e-01
4.2574313514800222e-01
3.1766992650652187e-01
3.4587206798801862e-01
4.3458108180796118e-01
3.2493113561003190e-01
4.6391845757795008e-01
2.1887225367347427e-01
3.1291890825164231e-01
2.8744578007434668e-01
2.5189425116465075e-01
3.3922100076812978e-01
3.3512470111410525e-01
3.0060667961316107e-01
3.5361667121333729e-01
5.3268483149546308e-01
4.3866066927556524e-01
1.9166464623378379e-01
2.7371604271916328e-01
5.2310619221751065e-01
3.0021239104937414e-01
2.8174591521203984e-01
3.6000900789698048e-01
4.4710511873039255e-01
4.3612807100131673e-01
4.2284153789050871e-01
3.9853729551170758e-01
4.9000686994135201e-01
4.6786740323312387e-01
3.0945288952355055e-01
4.7917377292035374e-01
2.5113281555115935e-01
3.9900201942382102e-01
3.1216720585309748e-01
3.9630093246951048e-01
2.2848507262125797e-01
4.0345873756643685e-01
4.4657420352202254e-01
4.1121250432945994e-01
4.9257533817994659e-01
4.1148266240218956e-01
3.7685590038253164e-01
4.4727503118105461e-01
5.1417448827663592e-01
3.5276975115897558e-01
4.1541490338812587e-01
4.9310272599580302e-01
2.9383293288035106e-01
4.5360712895791255e-01
4.5517487677783208e-01
4.1678829107400667e-01
4.6696352036121186e-01
4.3600661086436082e-01
1.4074566104630140e-01
4.8038018540379446e-01
3.3946183947185143e-01
3.5029925232479481e-01
3.8500319168759267e-01
4.7637199373003958e-01
2.9245139605710868e-01
3.4349576000161752e-01
3.6906924687999115e-01
4.7200305154145655e-01
3.3541910409560255e-01
4.2333448035993920e-01
3.1336801567098715e-01
4.6498512543563869e-01
4.1318925794968459e-01
2.7546999092765317e-01
2.9558681567006134e-01
3.2052871551385287e-01
3.0055916843289660e-01
3.3065914065153146e-01
4.0851598438522668e-01
3.7355116087626850e-01
4.6232507923741584e-01
3.5263240046000471e-01
5.0685835065832729e-01
4.0705683393102354e-01
3.7986873083301115e-01
3.1745753424714784e-01
5.3219622453851079e-01
4.5818672456660076e-01
5.2098129475786181e-01
2.8021345820553673e-01
3.4595632323332748e-01
3.1588588275379798e-01
3.3688449087004341e-01
4.6483492855231678e-01
4.0073429114790915e-01
4.6883967852169545e-01
4.2083392679716114e-01
4.8046795758688715e-01
2.0547991207578667e-01
3.9190995974849574e-01
3.8438804282182543e-01
2.6397977331883959e-01
2.5987638855204809e-01
3.7333457296967659e-01
3.8489467115290149e-01
3.6716571246663460e-01
4.5445515178683477e-01
3.1049455990600400e-01
4.6818860422426328e-01
5.2933761757256037e-01
3.8366549058913912e-01
4.6822387099795654e-01
4.9414528712810657e-01
3.9858709484958899e-01
4.0015226801637177e-01
4.4253123010316575e-01
5.1874089093971842e-01
2.9525319717645748e-01
5.2121920916960318e-01
4.2131902436529001e-01
3.0622069481404918e-01
2.6388127565365693e-01
4.1329255743530591e-01
5.0600834301087660e-01
3.8987084459922239e-01
3.7550129636345003e-01
4.9716481814857583e-01
5.1137667775498885e-01
4.1933309235193938e-01
2.3746626512078448e-01
5.0459138478604004e-01
4.5692567366750664e-01
4.2511644727521369e-01
4.8511747726543292e-01
3.0623537328707279e-01
3.9641933159681414e-01
4.3730961384259009e-01
4.3717129204824468e-01
3.5917536432454988e-01
5.0767037795347680e-01
3.5836617856042335e-01
4.2655786553100467e-01
3.5866825695768861e-01
3.0538329835800659e-01
2.8797911816695643e-01
5.2411059885431244e-01
4.6596224306114808e-01
4.1028323715621828e-01
4.1616220441727908e-01
2.2738403459828163e-01
4.3532495640825386e-01
3.6591372433909841e-01
4.6703742572880136e-01
3.6316553998021495e-01
3.8268179747986092e-01
3.8346275638227545e-01
4.5632420983313216e-01
3.9854971930503819e-01
2.0600589120707519e-01
3.8271736621728303e-01
2.9413560028008223e-01
4.9825626820791868e-01
3.9929323096237368e-01
4.6535073991231996e-01
4.3583491804961039e-01
3.1127566882169921e-01
3.6752474521409878e-01
5.2256256963482661e-01
2.1535709351897586e-01
3.0110955937237638e-01
3.0443086286025295e-01
4.1692532692218548e-01
4.5947017194380502e-01
1.7954156469740107e-01
2.8159630370245209e-01
5.0406297553116730e-01
3.9361879544800582e-01
5.2591996568231381e-01
4.6313237322492096e-01
2.9484158171457925e-01
3.8961996078698258e-01
4.3253726651121549e-01
5.0619945666855470e-01
2.6519481560102154e-01
5.3219419231792608e-01
4.0942834688469754e-01
2.1086445285172181e-01
3.5911917988622638e-01
3.8460127084388557e-01
4.2283847895918836e-01
4.0121627195754972e-01
5.0672419483269548e-01
4.7915485408351477e-01
1.6855763377110186e-01
4.0858745498624899e-01
4.9559891278954510e-01
4.4615913301596044e-01
3.8063335764161643e-01
3.6105888600280878e-01
3.8634140026138208e-01
4.2474927126987821e-01
4.4080389878436421e-01
4.2556019062309175e-01
5.0017562424677697e-01
4.7514009798960760e-01
4.0989675021493654e-01
3.1885708599593920e-01
5.7265236582060342e-01
2.5726082121161803e-01
2.9702260916714107e-01
2.5403411249521535e-01
2.9997050312265061e-01
3.5883013362802912e-01
4.4531519684312754e-01
3.4065356452483869e-01
4.0454106571319454e-01
2.9744185090023600e-01
3.2551434301690696e-01
5.2652125491534829e-01
4.0076311329747505e-01
4.1560481294347634e-01
3.7711495297452258e-01
3.2788530041142461e-01
3.6447750434324089e-01
2.5181658835834586e-01
3.6380088669344607e-01
4.0202483814114293e-01
4.1141452212538354e-01
4.1982920101903409e-01
3.8508578069307348e-01
5.5756214699026962e-01
4.2270685439795969e-01
4.0805547219054417e-01
4.2052221544373164e-01
2.2237921443052278e-01
3.6303715048982493e-01
2.9604819285563760e-01
3.9996345973594016e-01
3.6201617328011215e-01
3.5737943494195396e-01
4.3131330632886494e-01
1.8413673175357476e-01
3.4143687691028951e-01
5.1209380769865032e-01
4.0799661310006741e-01
5.7290329464983769e-01
5.1564495137497779e-01
2.3780261730692773e-01
4.5318850201183558e-01
4.3891868975028897e-01
2.2296091867760473e-01
2.9575412684821795e-01
2.8519611406039425e-01
4.6719090187809553e-01
3.9112109569317838e-01
4.0023419255116749e-01
3.4500021492524535e-01
2.6288489838660917e-01
5.0411957748315084e-01
2.5756464978195276e-01
4.5953369021809531e-01
4.8068484995600591e-01
4.3334454881836826e-01
4.2870315282015875e-01
4.1206599258372628e-01
2.6827361675143019e-01
3.0228453932079680e-01
3.9917907451172857e-01
3.6149431902998980e-01
2.6396356309233432e-01
5.7929117505433403e-01
3.9544337109866950e-01
4.2162750720187958e-01
2.5007389758842441e-01
2.8080425316550900e-01
3.7431389881410149e-01
4.7994252487088124e-01
3.3873624192140334e-01
4.5743126893034003e-01
4.7040858452115664e-01
3.5593373629733233e-01
3.8749413448242387e-01
3.2046156179038382e-01
3.0932741128934704e-01
4.2270478558456670e-01
3.6118679216908034e-01
3.4906732521205280e-01
3.6264872609740523e-01
2.7243100621250088e-01
3.0466871400467355e-01
4.2519988748429599e-01
4.6442060675860281e-01
4.7792058794435638e-01
5.8205406275114013e-01
5.0588012807904470e-01
4.9193517415858806e-01
4.0152728552997918e-01
3.7896394030436220e-01
3.2892763712865242e-01
2.9454734232687141e-01
4.7248780353873321e-01
4.7811412915480794e-01
3.2162291471954690e-01
3.5684842432018415e-01
3.8298290075236963e-01
4.1368793305736928e-01
4.2257578169524668e-01
2.9872900822536347e-01
3.2007926604008147e-01
4.1831833102908972e-01
4.0982500981378417e-01
3.0331506572112588e-01
4.1632286135426816e-01
4.9349729391375613e-01
3.5150166480182032e-01
2.8601725706582826e-01
3.7581814218091819e-01
3.9268722220349916e-01
3.9386526628018625e-01
2.2974301240731679e-01
4.9580526530560148e-01
4.6848140650346953e-01
4.1451674803597971e-01
4.4955413047470222e-01
4.3998409374450093e-01
5.3727490064051442e-01
3.8580415098830978e-01
4.1203141527816328e-01
4.5507040196683218e-01
4.1906307989061786e-01
3.6962296342633605e-01
3.7870809103893605e-01
2.2468408262792214e-01
1.6114189665598350e-01
4.0004001202387496e-01
4.4891544756750890e-01
4.7306758092262785e-01
3.7776419667389871e-01
2.0500073457839083e-01
2.8507780136778227e-01
2.3844043146944818e-01
3.1702374077321221e-01
3.0146091142863968e-01
4.8705523628157416e-01
5.2883234390340383e-01
3.9866808732336895e-01
4.3331303808416266e-01
4.6155734315796421e-01
3.8272535570398447e-01
2.8065352930072807e-01
3.9802663300227564e-01
3.7123971929856253e-01
4.3487404194578233e-01
4.6801319321345425e-01
3.0768202186204313e-01
2.9288483330489890e-01
5.2909076531347543e-01
3.4580880802519276e-01
4.7423499414411296e-01
2.4880650609807775e-01
4.1705275769468630e-01
4.4124311995172039e-01
4.6233944043844460e-01
2.6239939674568186e-01
3.2280176182514014e-01
4.1284930173859885e-01
3.6168750289094753e-01
2.6065123151831976e-01
2.9952119727430837e-01
4.9992546648630670e-01
4.2840051087094427e-01
3.2816039964422211e-01
3.9968201105196249e-01
2.7538913695913531e-01
3.6487227411723272e-01
1.9091202602958460e-01
2.4557005136112015e-01
3.8784477230317699e-01
4.3773509488844226e-01
4.8402504402118296e-01
5.1859599487836672e-01
5.0685450620769290e-01
3.3880972820515376e-01
5.0546783999314682e-01
2.5171792852143415e-01
4.9663801306770977e-01
5.0549481999670887e-01
3.9966206208891325e-01
3.4803476622575874e-01
4.2920614982346306e-01
4.6311594667999800e-01
3.7235868950239870e-01
3.5970279763828672e-01
2.6658979324235660e-01
3.8480079629389236e-01
3.5795388786810534e-01
2.8514971315535348e-01
4.0161959054021523e-01
4.8387230587637431e-01
4.8075494615551606e-01
4.8903341305923087e-01
3.0952773015357293e-01
4.3518421910947236e-01
3.3835428588519834e-01
3.6385223543647599e-01
3.9836170303361457e-01
4.5056368829118937e-01
3.5928759027234736e-01
4.0750949935636038e-01
5.8219528849693847e-01
4.6386203413593591e-01
4.2262874901220693e-01
3.4103791723467569e-01
4.2382892962954399e-01
3.5035191653719949e-01
4.4456003780159559e-01
3.2012829267043924e-01
2.4212905470538537e-01
4.5156257454212290e-01
3.2183618298649774e-01
2.7913996421475379e-01
4.2155466933769681e-01
3.7231505035105200e-01
4.1063401769233998e-01
3.9078767523025454e-01
4.9899807692013892e-01
3.3875831449588667e-01
2.2343125258484131e-01
4.2045142066242081e-01
2.0304739171880762e-01
4.4203187323648258e-01
3.8892709101632122e-01
4.4607593172327575e-01
4.0682209046858675e-01
4.4831040314582427e-01
4.0132200171097987e-01
4.5445243712845468e-01
4.0281848686882471e-01
3.3618806060807360e-01
2.8394772800172396e-01
3.8621630904646825e-01
3.2757700040824422e-01
3.7751758096701266e-01
4.4393325621425234e-01
3.6879901711507695e-01
4.5493261550085151e-01
3.3879501715568422e-01
1.8166383938496675e-01
3.5601545090399539e-01
2.5585629567065787e-01
4.5402436112253519e-01
2.9812809193081757e-01
2.2412850933843761e-01
4.7042433551961155e-01
2.9112455702712325e-01
4.2679598925163731e-01
3.2572827163027623e-01
4.5821895656817985e-01
2.7900768527186798e-01
4.4851765416362460e-01
2.9678664005966482e-01
3.2338433088570206e-01
3.1236885855947155e-01
3.8571446030678386e-01
4.3977856163313195e-01
4.3857543448767039e-01
4.8008057013872035e-01
3.2595048193077170e-01
5.1347757042547459e-01
3.5942148563802467e-01
2.7030624645529389e-01
4.3680361720307920e-01
3.5583809103496788e-01
1.9273163757130898e-01
2.5068156434894001e-01
2.8645245422699256e-01
3.6335359327871608e-01
4.3921250857454380e-01
4.6943144891823935e-01
2.5910504446456523e-01
3.9699747573209465e-01
4.0470204760452455e-01
3.9943745527815311e-01
3.6149437005779372e-01
3.8299132335864688e-01
2.6576836544135463e-01
4.2679702461107516e-01
2.8682194235127328e-01
3.4773762213888715e-01
3.7491910979896387e-01
4.8556130872021724e-01
3.8230399219804695e-01
2.9743011343414150e-01
3.9780306421427253e-01
2.2497491517895213e-01
4.0348758417792407e-01
3.2924648086962910e-01
4.9416482397227701e-01
3.4558553039730788e-01
4.1402640519662703e-01
4.7170068890137823e-01
3.7907057517863890e-01
2.3780093398907101e-01
4.4622010080032271e-01
3.0518305988817090e-01
3.8453308985255230e-01
4.7105157678250381e-01
4.4102819873402671e-01
5.1740878928190071e-01
4.0464528814896983e-01
3.1457688118805327e-01
4.5476025278623594e-01
3.9523211619191889e-01
3.5534649329572893e-01
4.8033390074117788e-01
4.6196935673757877e-01
2.0465972135098340e-01
4.2956804352349520e-01
5.4242777795446662e-01
2.8091589534258526e-01
2.9537896687318749e-01
3.2626738117037957e-01
4.0742683225778459e-01
4.4168765859235171e-01
3.2936550128314990e-01
3.5317032887602196e-01
2.7907094876091315e-01
5.3364035560209011e-01
3.2759179797142490e-01
4.4374350689677111e-01
3.5770587663986042e-01
4.3834995559276302e-01
4.7108872450983419e-01
5.1190243623871368e-01
4.8222815835684085e-01
4.5565551287279005e-01
3.9932495459337741e-01
4.4612537140531594e-01
4.9909301392233058e-01
5.3687730158035685e-01
3.0844212479017247e-01
4.1459920849355431e-01
5.6288938291315349e-01
3.6269220176409389e-01
5.0671046986809687e-01
5.0820724657735727e-01
5.1830310023340598e-01
4.6858773630123612e-01
3.0353138113580141e-01
6.2984479392587112e-01
3.7757448702341079e-01
4.4382139592022229e-01
3.9251138382548922e-01
2.8884203643782813e-01
3.5901934958322140e-01
4.4295418934001535e-01
3.1119211165437172e-01
3.3330269806098400e-01
3.1850035416461420e-01
4.4132388446893522e-01
4.2020754322111109e-01
4.0027185803038179e-01
4.3902061600628023e-01
2.9381957167723227e-01
3.6150858027563093e-01
4.2873368793971040e-01
4.0854083469794877e-01
3.2796657462709777e-01
3.6473712390340740e-01
3.5946124639531440e-01
4.1222502994843124e-01
3.2539398101870726e-01
4.8231366301327289e-01
4.9651177881987851e-01
3.3866313310364715e-01
3.7203492345681832e-01
4.1062710513501183e-01
3.2376833903483487e-01
2.4732371369154832e-01
3.7452511611530243e-01
3.8252473317256253e-01
4.0564577212632941e-01
2.6885371273914632e-01
3.3206634471381874e-01
5.0857531280152246e-01
2.9067951126963965e-01
2.6927106357057634e-01
3.4616653482348031e-01
4.6524259810105351e-01
2.7405147232495330e-01
2.3347820713461750e-01
3.2844617060228826e-01
3.2277954814008747e-01
3.4923777548695095e-01
3.3679015166491244e-01
4.6819194538255526e-01
3.0904396573215265e-01
4.9308960439984345e-01
4.4184952231081914e-01
3.4121777351376098e-01
4.2601797287852106e-01
4.7575228686382526e-01
3.0264349473559882e-01
3.9410952414591943e-01
3.8744764297943313e-01
3.7215355944106621e-01
4.9316295242923064e-01
2.0773703241858030e-01
3.2031420709216668e-01
3.9230967567347391e-01
4.3184644141451417e-01
5.0618884904912453e-01
3.7772503867297119e-01
2.8313591129650895e-01
3.2111659339772525e-01
3.8131214950836240e-01
3.1956317271903956e-01
5.9753347095716136e-01
3.4694187857398107e-01
3.6530235057615151e-01
2.2158372696549683e-01
5.0732432117672810e-01
2.8475305946889207e-01
3.6042436171260273e-01
2.4461110534445535e-01
2.7985896752191119e-01
2.0408672132115746e-01
3.3404748632327541e-01
3.9266006756298516e-01
5.0166912998859803e-01
4.3518834136785783e-01
2.1870990057333436e-01
5.0923528979894384e-01
4.4895795059025101e-01
3.0848385797233452e-01
5.2529781289547273e-01
4.4127261261091522e-01
3.4672193274850155e-01
2.4907724967958955e-01
4.6815307162999947e-01
3.5066570725068047e-01
4.4622257401640181e-01
4.4331450957561458e-01
2.7939061228911155e-01
2.6308292770724256e-01
2.4220453456557320e-01
4.7984944094067911e-01
3.8039032043005083e-01
