נטעונטי נאבבסא N=1000 N(0.0000,1.0000)  n=100   =100
0 1000
7.5510705269759082e-01
7.2688884476539706e-01
7.3131772880275414e-01
7.7739548572383466e-01
8.0298582696621090e-01
8.3514185101806471e-01
7.5937603019513444e-01
7.8607240542127432e-01
8.0837385517474425e-01
8.1456112208941023e-01
7.8183546258394687e-01
7.8937277556806984e-01
7.7502671939295731e-01
7.7164985912931761e-01
7.2415897226001791e-01
8.1156779796715661e-01
7.4214534646984720e-01
7.8278755578498949e-01
7.9795166884116031e-01
7.9488524511573577e-01
7.6825384874021918e-01
8.0447171478372981e-01
8.0755288487293575e-01
8.1030671181062042e-01
7.0542466000963733e-01
6.9133954381504537e-01
7.7248403820207789e-01
7.6628286813854507e-01
7.1637485887706986e-01
7.5085587370707108e-01
7.8339047449268895e-01
8.0562598593366064e-01
8.0636450125803638e-01
7.6431052113725739e-01
7.4791583378882953e-01
7.7698044908942665e-01
7.8645012846724793e-01
7.6223657897797004e-01
8.0061192924155955e-01
8.1417246963169076e-01
7.8904757356636401e-01
7.5531792469118353e-01
8.2939071097309180e-01
7.2794021248537322e-01
7.2765653333894864e-01
8.2447444535679071e-01
7.8284225147186626e-01
7.6216424508641711e-01
8.0114173960654400e-01
8.0794604174722051e-01
7.4081938142336279e-01
8.2548113390145283e-01
8.0904496750084687e-01
7.5585531073004231e-01
7.1252975138613950e-01
7.6163988930784432e-01
7.4426376519648552e-01
7.7371201077751761e-01
7.8237662603596325e-01
8.0053853147220333e-01
7.5569363578248450e-01
7.5353656530453206e-01
7.7969815910790397e-01
7.6009798452404909e-01
7.2317407625471453e-01
7.6807675783899265e-01
7.7477421587300754e-01
7.6685839384175314e-01
8.4402500800877633e-01
7.5808076351852738e-01
7.5260193507280637e-01
7.9723098435579243e-01
7.5734026103642338e-01
7.4116335138713407e-01
7.5857843739113651e-01
7.5607913714253949e-01
7.7814183081476451e-01
8.1957785950794859e-01
7.8354047811215788e-01
8.2470613323436714e-01
7.8898524576946139e-01
8.2883649364230516e-01
7.1694435607585250e-01
7.8977490447959942e-01
7.9079639657963263e-01
7.2804377077821714e-01
8.2516583289734124e-01
7.6477436059844583e-01
7.4388312897232456e-01
8.2403527768126261e-01
6.6877791391457020e-01
7.3844201523650532e-01
8.2807902691690383e-01
7.5154277006849690e-01
7.5051142550195349e-01
8.3312570636887540e-01
8.1541327507614225e-01
8.0476694070282051e-01
8.0053909480319996e-01
7.1786475530014116e-01
7.8457037404100205e-01
7.4340371884938194e-01
7.1699960438932542e-01
7.8378684219634909e-01
8.0997425510251198e-01
7.8639234080423437e-01
7.9774860486512378e-01
7.6645850422735995e-01
7.9576705539125192e-01
7.3361146453484949e-01
7.9905937376434233e-01
7.8215045751495660e-01
7.2221128054029338e-01
8.1050790449391685e-01
7.7850395262059691e-01
7.5557033246083072e-01
7.9100383545602948e-01
7.3535520012482247e-01
7.3508147654746447e-01
8.1931179578782087e-01
7.6561472272184383e-01
7.8723435775185657e-01
7.2770726050323098e-01
7.6640018006089683e-01
7.5570041477266170e-01
7.4453680430488189e-01
7.9019217595523172e-01
7.8240430548094009e-01
7.7278126301944305e-01
8.0398226072496215e-01
7.7344617564554952e-01
7.8110637568702401e-01
7.5758922720042532e-01
7.1303310420029986e-01
7.6222200429822584e-01
8.1754976316101224e-01
7.6410461127510199e-01
7.5205120676760862e-01
7.3176462463308434e-01
8.1748814220591770e-01
7.8201896599437470e-01
7.7390635688428189e-01
7.8723201012682587e-01
7.5483301382928414e-01
7.6885856512124584e-01
7.6907841598855564e-01
8.3414225238716944e-01
7.8944740397534097e-01
7.6372012315207316e-01
7.4207779794131135e-01
7.8166675191697321e-01
7.8057127548514071e-01
8.0555516925376114e-01
7.7977792877245022e-01
8.0615050987250925e-01
7.4025518231941523e-01
7.8260102512916108e-01
7.8866996719604965e-01
7.2757286005827626e-01
7.2086970400633099e-01
7.2099083820021037e-01
7.9255387432669766e-01
7.6573386184548253e-01
8.2903384297483629e-01
7.6280949452525559e-01
7.1753308842825902e-01
8.2181000003770743e-01
7.6628974767299607e-01
8.0086363392050641e-01
7.8197843791450439e-01
7.9739110317365103e-01
7.6141365039808140e-01
8.1365438051514694e-01
7.5794574273517834e-01
7.2897182210472611e-01
7.8306353516692262e-01
7.5990449063362542e-01
8.2782164932579072e-01
8.1909644670762205e-01
8.2605293217892417e-01
7.8471864967781135e-01
7.7663551492041505e-01
7.6587104397771655e-01
7.9025622835757403e-01
7.5146198876772952e-01
7.9246004609941989e-01
7.5238187228337006e-01
7.6068107278747810e-01
7.5284139086161406e-01
7.9401576671747742e-01
7.4465558506822704e-01
7.8979886648187481e-01
7.5627906411577839e-01
7.5767607074630794e-01
7.7672249546654648e-01
6.9814685085579709e-01
8.2752871525629101e-01
7.7018343761824526e-01
7.4797148150210324e-01
7.3279343627509752e-01
7.8168454901520479e-01
7.8143638255022208e-01
7.4150074494634055e-01
7.8347121923824992e-01
7.5395603481704776e-01
7.6972475346244196e-01
8.1248356582598069e-01
7.6018134723507147e-01
7.9357082851559113e-01
7.9768786909376399e-01
7.9042656979337400e-01
7.8571194278610468e-01
7.9106915214282569e-01
7.3455227562257996e-01
7.5786434039073791e-01
7.8735449229512267e-01
7.7601441399535243e-01
7.9563065778554209e-01
8.0411237501787347e-01
7.3885244048284393e-01
7.1445368549669475e-01
8.1352774962292385e-01
8.5650192110516221e-01
7.6265752497508466e-01
7.9398493741859777e-01
7.7585468800770929e-01
7.5885791868311658e-01
8.1208328048929712e-01
7.2206943771033050e-01
7.7456919433344329e-01
7.7149271444947631e-01
7.4903640756859258e-01
6.9027935246225203e-01
8.1550382717886516e-01
7.4419390080667802e-01
7.8125733781611750e-01
6.8892414787830014e-01
7.7760582014310498e-01
7.6037091763377496e-01
7.5030073559941757e-01
8.1629631045897766e-01
7.8099680939897431e-01
7.8865851195235692e-01
7.3706477288685368e-01
7.3123488201051745e-01
7.3473204153595217e-01
6.9768044475365487e-01
7.5913446470874335e-01
7.7563787737530165e-01
7.9900437255456080e-01
7.1180446453447654e-01
7.5583859646267304e-01
7.7196027229391884e-01
7.8237701787506053e-01
8.3766398119431240e-01
7.3655499004011160e-01
7.5060139003377024e-01
7.1166917691604659e-01
7.9010383159389685e-01
8.1774028014886591e-01
7.8154284735418200e-01
8.1107675396941159e-01
8.0640722085763972e-01
7.7710744215014760e-01
7.5298421220799261e-01
8.0323245274241795e-01
6.9833127142759333e-01
7.2671264992791429e-01
7.3446284389934424e-01
7.5379694812412323e-01
6.5620300217674354e-01
8.0010753978738414e-01
7.7539516673820563e-01
8.1028112232980709e-01
7.4704668949619712e-01
7.8237030828319731e-01
7.6765197557935405e-01
7.7611036072808293e-01
8.2009327427281520e-01
7.5987327394370130e-01
7.3186547786650680e-01
7.6980861192779859e-01
8.2634915684934973e-01
7.9540170497136153e-01
7.9497998170473072e-01
7.4062291421877791e-01
8.3934117097022309e-01
7.8338908966844101e-01
7.1569380286205375e-01
7.2489590788912706e-01
7.7829588598468813e-01
7.5819597369180625e-01
7.8889346240712721e-01
6.7096081428160081e-01
7.8533819428414453e-01
7.4493672467704097e-01
7.9403936990139856e-01
8.0451019819184999e-01
7.5961606257019121e-01
7.6491131717905525e-01
7.7037700444287005e-01
7.5242065798021074e-01
8.1151036370894170e-01
8.0078990005052109e-01
8.2946136511087654e-01
7.9006812477317501e-01
7.2039585133368567e-01
7.8909645985760879e-01
7.9375618174234142e-01
7.4184929071769812e-01
7.9184665337885873e-01
7.7984577079300965e-01
8.2775403766242328e-01
7.5305301430704286e-01
7.9520921840595737e-01
6.9245512926402530e-01
7.5872152424509554e-01
7.7485580706605284e-01
8.2654263333080269e-01
8.0011535757741403e-01
7.8703761043185394e-01
7.9526116206837205e-01
7.8030433149809886e-01
8.2572756008706072e-01
7.9468136660628885e-01
7.9646132791404667e-01
7.5399217959837805e-01
7.5521085026458434e-01
7.5234036163200668e-01
8.0416148132933918e-01
7.5645530651480863e-01
7.4549157456378978e-01
7.9566350689593313e-01
7.7596436732459806e-01
7.3603664144254899e-01
8.1978665946346085e-01
7.5665752107941520e-01
7.8433154285391038e-01
7.6639598666446129e-01
7.7121025624822659e-01
7.7285886248936131e-01
7.0100404638555913e-01
7.7629766503792474e-01
6.8792373006075747e-01
7.5619288462199130e-01
7.8146023935723863e-01
7.7768796194118073e-01
6.8675169774207179e-01
8.2822722759666001e-01
7.3037746986725094e-01
7.2278645874036274e-01
8.2516889388380699e-01
7.7992622719293669e-01
7.7153377191735373e-01
8.0174917296105874e-01
7.3524598681930753e-01
7.7049031593376272e-01
7.7736370191616222e-01
7.6134755698957546e-01
8.0673225321927566e-01
7.4261252044312154e-01
7.9161596298577708e-01
7.9870707990397594e-01
8.2859491739827729e-01
7.9083623830456140e-01
7.9152067739481913e-01
7.8836157224486847e-01
7.9377652554642653e-01
8.4645848601653362e-01
7.9861335874425243e-01
7.3840576219087573e-01
7.3451772228373746e-01
7.7838847524876809e-01
7.8354085380262017e-01
8.3961047277043455e-01
7.9363892203559627e-01
7.5949035384144459e-01
7.8017223270849800e-01
7.9406848316299872e-01
7.9334343418160369e-01
7.3789480657065187e-01
7.8225824214490780e-01
7.7322571492641134e-01
7.8498810933488417e-01
7.4773938372335436e-01
7.5818103794637315e-01
7.5439060415751813e-01
7.3275365239334211e-01
7.6871870499401007e-01
7.9625511771581803e-01
7.9475496766393605e-01
7.4493988513427412e-01
7.5458024074281937e-01
8.2892022922144648e-01
8.0970057183390032e-01
7.6155935172470468e-01
7.7752083398030414e-01
7.7835123036159271e-01
8.2472299153734441e-01
8.0668202639939379e-01
7.9452879626003048e-01
7.5005239693984438e-01
7.5754308355657685e-01
7.9018481556450515e-01
7.9106639248319688e-01
7.4294253563701984e-01
7.7321672081838722e-01
7.9197850299063177e-01
8.4537446398214866e-01
7.6176162940737890e-01
7.7128589415677240e-01
7.7775287625674716e-01
7.9797792112823218e-01
7.0631704379298799e-01
8.1448634854872359e-01
7.8841014353075600e-01
7.7247570283678635e-01
7.5078143840972711e-01
7.8232362791528853e-01
7.0187235323343322e-01
7.4860362710309380e-01
7.3682542570103804e-01
7.6097062237176183e-01
7.7931518715621229e-01
7.8961280321938310e-01
7.8880504516602534e-01
7.7211322639205515e-01
7.4155519072256304e-01
7.8238201797517237e-01
6.7760607380191662e-01
7.9039995875716329e-01
7.8422065655121720e-01
8.0293002851757433e-01
7.4218021501217613e-01
8.2102433616304016e-01
7.6890796621537572e-01
7.6525874535746130e-01
7.7856335671342969e-01
7.9516979647521246e-01
8.4881518202012762e-01
7.8740950802950016e-01
7.7194724693596395e-01
8.0593058365663317e-01
7.7417124796582759e-01
7.5123659368965645e-01
7.7652043096389400e-01
7.6905555418450922e-01
6.5640491455674721e-01
8.0070000158623500e-01
7.7595753232651621e-01
7.9412815580588159e-01
7.6326810080445162e-01
7.9309036874560657e-01
8.3012625468356427e-01
7.6073636077309903e-01
7.4950378907478110e-01
7.5550427191141500e-01
7.8094505630910205e-01
7.9041629105998901e-01
7.0634428076943456e-01
7.4962273168309324e-01
7.9125724816877341e-01
7.6841598272772660e-01
7.9560329520540585e-01
7.4203059195493737e-01
8.0712469683525989e-01
7.9608522974469043e-01
7.9347494748512115e-01
8.0108640373026918e-01
8.1292084171147871e-01
7.8813032342702471e-01
7.9307476542498612e-01
7.6984942251833632e-01
7.6759168377018927e-01
8.2913619083396484e-01
7.8895068664446000e-01
7.5093431019926415e-01
7.8949454562756793e-01
7.8782651166106066e-01
7.9062801507027336e-01
7.8396004287428034e-01
7.8667004646310279e-01
7.8026600333044427e-01
7.9668745095401206e-01
7.8320391699183600e-01
8.0560687164267120e-01
7.5021742499647204e-01
7.8117469708162202e-01
8.0442268477086154e-01
7.5719935042642128e-01
7.8697125659587741e-01
7.9791527099666204e-01
7.2547444755745594e-01
8.0343749499827100e-01
8.0761542089211613e-01
7.3268222181914822e-01
7.9546994831097673e-01
7.9182648367803532e-01
7.8171518301791454e-01
7.2878753069617241e-01
7.9863969013757463e-01
8.4206734148352991e-01
7.5494814911409058e-01
7.9251549820967049e-01
8.1458586789465259e-01
7.9244102370197600e-01
8.0704582580027517e-01
7.3848688650877969e-01
7.5746591241735617e-01
7.5386630164851742e-01
7.3508084893129899e-01
7.4163684885356973e-01
8.1815746041632498e-01
7.3774759005023016e-01
8.0220976761955376e-01
7.3949454064068454e-01
7.5516026948149373e-01
7.9875731213445444e-01
7.7346605167739646e-01
7.6670234960592698e-01
7.5502908467373597e-01
7.3641251802956942e-01
7.7073954865655336e-01
8.1231554749707024e-01
6.9011719782965719e-01
7.3521456465344426e-01
7.8735232765375585e-01
7.8607797530596579e-01
7.4714737099164374e-01
7.5295406018023037e-01
7.9019666275164124e-01
7.6097031652553881e-01
7.8584826395056417e-01
8.0425878653933291e-01
7.7110293522065376e-01
7.0235232323153729e-01
7.2360252332354913e-01
7.7048125335946172e-01
7.5336395892636387e-01
8.0818592345682128e-01
8.0591750754946945e-01
8.0356748596089000e-01
7.6229636629541220e-01
7.5307658750255324e-01
7.8831149452940363e-01
7.8999958117548474e-01
7.6779709869581347e-01
7.7651044999431029e-01
7.8830192169067481e-01
7.2868923863313595e-01
7.6132924652995193e-01
8.1656371935298377e-01
8.2996782239971667e-01
7.7657310638410726e-01
8.4240468063981688e-01
7.7403530458517034e-01
7.7333027740509475e-01
8.0297661944662957e-01
7.3293342649529836e-01
7.6358724094248376e-01
7.6548336399894634e-01
7.6700255832238540e-01
7.7576852975090604e-01
7.3881298219247116e-01
7.3308360233370451e-01
7.7201801771565459e-01
7.3462109954373545e-01
7.9019159664429861e-01
7.8180186276378738e-01
7.8189852774745894e-01
7.7841740797640901e-01
7.8620619987028217e-01
7.8266580526700702e-01
7.4327130112451234e-01
7.9048643444711963e-01
7.7580690380990891e-01
7.4863415369924591e-01
7.7869738792867804e-01
7.8448291320837993e-01
7.7198099744352822e-01
8.1250843179357757e-01
7.9017366465449435e-01
7.3896198427446436e-01
7.4057000977011256e-01
8.0934598418350923e-01
8.0650336635753261e-01
7.4460395492744380e-01
7.4909850940993150e-01
7.1670890598299575e-01
7.7502667636794409e-01
7.9753861840953100e-01
7.4797692385920944e-01
7.2926468754337048e-01
7.3180303427226889e-01
7.6000737874567059e-01
7.6573471574608654e-01
7.9100091529638428e-01
7.6064975140548252e-01
7.5249929319777797e-01
7.3808800547684816e-01
8.2221070306895194e-01
7.8679415594759283e-01
7.9342923067984983e-01
7.9293451161456474e-01
8.1985312807213795e-01
7.6292567312324644e-01
7.8435276980159574e-01
7.8721673478857412e-01
7.0105333666474789e-01
7.9805578868587601e-01
7.6980118732518821e-01
8.2150047153081074e-01
7.5971250273277569e-01
7.9163983477340460e-01
8.6317437863357960e-01
7.9702487877148509e-01
8.0831893775015595e-01
7.5992168732102794e-01
7.2281430084581277e-01
7.9892394831001434e-01
7.6841969749834893e-01
7.5935945158730389e-01
8.0475093361889016e-01
7.2842550969618780e-01
7.7243861187015628e-01
7.6363831558173223e-01
7.4146668697797846e-01
7.4761190601804572e-01
7.6837513254240231e-01
7.9400881998705830e-01
7.8314363120147590e-01
6.9847488471456576e-01
7.9230724240666284e-01
8.1167373257174225e-01
8.2459247082197695e-01
7.6030112382038562e-01
7.7933591027680882e-01
7.9049676391885237e-01
7.9177560258499668e-01
6.9828348655049732e-01
7.7850787248494768e-01
7.4985442387403023e-01
8.2513350717332490e-01
7.7632418889159815e-01
7.8277764544287520e-01
7.8576755515556107e-01
7.8062389105505292e-01
7.7942695143049923e-01
7.6425325861179849e-01
7.9813362760451323e-01
7.1632616177759423e-01
7.4766975442945116e-01
7.8229723808223373e-01
7.9342491535312398e-01
8.1892728081495392e-01
7.5202358698831595e-01
7.8528005173215720e-01
7.0025034821386056e-01
8.1339251178999672e-01
7.2795095346843819e-01
7.6144365408053405e-01
7.5804007054305655e-01
7.7401247193469724e-01
8.1583116459267602e-01
7.9069341391537040e-01
7.8531891858867431e-01
7.8437465194636391e-01
8.0850398291964043e-01
7.9336492905564648e-01
7.2174744993575746e-01
7.7639971145433007e-01
7.9181419146256771e-01
7.7975158945438650e-01
8.0132229553552603e-01
7.3412572488755135e-01
8.0617027499310423e-01
7.5359725290626178e-01
7.3504289004523649e-01
8.1259509393160534e-01
7.7536815227218558e-01
7.8636357876591179e-01
7.8327389817233173e-01
8.3588281176719004e-01
7.7242720923851527e-01
7.5043946395504846e-01
6.7803750691770515e-01
7.5047576503079461e-01
7.5101393996177912e-01
8.1869655923264806e-01
7.7042743626195820e-01
7.8638070859711728e-01
7.6447655049216234e-01
7.1657341942131159e-01
7.3652228848624313e-01
7.6026202572393431e-01
7.5891518693436555e-01
7.8813481449274281e-01
7.6405634461003746e-01
7.5888228707715422e-01
7.3852797173919771e-01
7.4533340404194870e-01
7.8977514883003530e-01
7.4335040205082192e-01
7.3929927893045022e-01
7.9259725420692118e-01
7.8158893630145787e-01
7.7552346888883217e-01
8.0456151828334943e-01
7.4334735465203561e-01
7.7464587503790627e-01
8.3232351085585088e-01
7.6791450340204304e-01
7.8303381714947917e-01
8.0267217952162928e-01
7.5735986456261062e-01
8.1254793601862985e-01
8.3075852426214691e-01
7.6046136603429693e-01
7.7937794415763062e-01
8.1389648563407013e-01
7.9019210901012571e-01
7.8491360498465146e-01
7.7309488620448963e-01
8.0201407246479517e-01
7.9735660827501142e-01
7.5870330834225075e-01
7.7423039648461289e-01
7.6365670047333178e-01
8.5532764789706395e-01
7.0384622086733983e-01
7.6115638037982747e-01
7.2872750061119873e-01
7.3865840850938491e-01
8.0486234138073876e-01
7.7635239709061221e-01
8.1432171130008668e-01
8.1544352428195677e-01
8.0810726014780998e-01
7.7959703090566668e-01
7.8220638668127485e-01
7.4866578064393197e-01
7.9151320339789044e-01
7.6348602014655731e-01
7.7784188680190602e-01
8.0029838975630341e-01
7.4687367321324472e-01
8.0086286656541072e-01
7.8331638858134311e-01
7.5074200728863083e-01
8.0161025768646510e-01
7.7762346048232533e-01
7.5833859022207495e-01
7.9537438688092132e-01
7.9143623735767188e-01
7.5915180575240138e-01
7.9188969075816862e-01
8.2776296953730466e-01
7.6802557803435989e-01
7.6325233626701006e-01
7.3032438523101118e-01
8.0186844369345578e-01
7.9175298376717884e-01
8.4739147490201638e-01
7.6753659173980593e-01
8.1782737110405668e-01
8.0112726636229781e-01
8.0405981553047434e-01
7.4176850999691757e-01
7.4416494265005328e-01
7.7898822704119619e-01
7.3089904820584883e-01
7.9789524913586396e-01
7.5513779623050681e-01
7.4220558096784683e-01
7.6824836276373132e-01
7.5053199651536850e-01
7.4869946499742157e-01
8.0015593525042583e-01
6.9999969534021211e-01
8.0838078624477183e-01
7.8175644696800028e-01
7.5685744680571432e-01
7.6752701016222613e-01
7.7692362842235496e-01
7.5971208016527447e-01
7.6350851176234091e-01
8.0602768552746606e-01
7.9902511544854271e-01
8.3041408627945701e-01
7.9470110212767897e-01
7.4172591319980541e-01
7.7173652558568606e-01
7.2553470352055305e-01
8.1148979353998396e-01
7.6301403026728043e-01
7.5949265393583609e-01
7.2650237032971943e-01
8.1693428864671669e-01
7.9450218575672171e-01
7.4774422115977468e-01
8.3164012298332002e-01
7.8348441593274565e-01
7.6209784461935437e-01
7.7319664135300881e-01
8.1038413921889763e-01
7.8067990355596995e-01
8.2632544833813226e-01
7.2759677829832536e-01
7.2783614436739152e-01
7.4976949973378149e-01
7.5379171508926135e-01
7.3642482214501959e-01
7.7482644639689058e-01
7.5204236145675551e-01
7.8292503939885538e-01
7.3214289273328037e-01
7.3693370790458201e-01
7.6343881059375718e-01
7.6624437532987744e-01
7.9352588637268950e-01
7.9908976825108347e-01
7.4985039922445185e-01
8.0950579936208267e-01
7.7065808444454453e-01
8.2014116364871481e-01
7.6930308259114166e-01
7.2988388153834993e-01
7.3883494893353741e-01
7.8434397911201181e-01
8.1506623172280879e-01
7.9951586052860191e-01
8.3348806833491795e-01
8.1426066594966295e-01
7.9224512589287310e-01
8.1316059492603199e-01
7.9849519108474243e-01
7.6001578790772550e-01
7.5062827527909726e-01
7.5401154859773778e-01
7.3578027613356778e-01
8.0759243021216487e-01
8.2169869550079833e-01
7.7044834882596180e-01
7.5143308482963334e-01
8.2638801655680993e-01
7.7754377234126826e-01
7.6434361501372083e-01
7.1980527338430089e-01
7.9781467135088380e-01
8.0153420904739447e-01
7.5997659205999790e-01
7.9957661573774541e-01
8.2408698837824090e-01
8.0409206827535173e-01
7.3370749769449339e-01
7.8735868159347056e-01
7.8325616055721348e-01
7.4731776776431269e-01
7.5934201927725087e-01
7.6292204956124088e-01
7.7702071794725402e-01
8.2394981369024101e-01
7.9348514592677388e-01
7.3262761878970173e-01
7.1818931158934796e-01
7.6195024291534641e-01
7.8588242569723366e-01
7.6154668613940391e-01
7.2882180273866193e-01
7.9744899812351011e-01
7.8204528451957056e-01
7.7772038608019411e-01
7.4580716078767650e-01
7.4175405979063358e-01
7.6602869111604976e-01
8.1187037535945905e-01
7.5100353675688114e-01
7.5121962179490931e-01
7.7880039922144806e-01
7.4260883650701859e-01
7.9704168168508149e-01
7.6114654138463556e-01
7.5903988914852860e-01
7.8465645671162831e-01
8.1964534504513842e-01
8.1002951331515272e-01
7.8485772074813498e-01
7.3699132900388187e-01
7.6929460509020098e-01
7.2816079126746203e-01
7.7976009784242906e-01
7.9492487092215958e-01
7.6235899310925015e-01
7.8375653199480655e-01
7.6661498857132704e-01
7.8879431975273517e-01
6.9612593068610940e-01
8.1439140943402910e-01
7.8341321552758825e-01
7.2716235785058247e-01
7.8265487619221685e-01
7.3775299734879285e-01
7.7107344879760809e-01
7.9257920439712914e-01
7.5157750717746596e-01
8.0597061852757101e-01
7.6224504671321791e-01
7.8433208089136319e-01
7.8597855758493362e-01
7.5282188291577423e-01
7.9491260921706319e-01
7.9187914788525293e-01
8.0699510865181856e-01
7.9511483728770915e-01
7.4513317571457616e-01
8.2013947236378726e-01
7.4695821752284675e-01
7.9533012158732841e-01
7.9949095522666813e-01
7.7818206427345149e-01
7.4785887719630895e-01
7.0577828734910197e-01
7.8535391279947708e-01
7.6229305618844290e-01
7.8004414697779534e-01
7.7819748148976009e-01
7.4813976512224289e-01
7.3464971408150481e-01
8.1133511310557982e-01
7.9389886268158871e-01
8.0724384053649834e-01
7.3754229197062016e-01
7.8716505045535756e-01
7.9033213108278111e-01
7.8629373898505106e-01
7.7543409310128297e-01
7.0262967734030268e-01
7.5806619184819202e-01
7.9908726517201867e-01
8.2244879033387142e-01
7.0983985901364055e-01
7.9773742307409323e-01
7.4882860158018894e-01
7.4945417715295082e-01
7.8436784373411206e-01
7.2341298099621820e-01
7.4658910924225030e-01
8.3094582069754752e-01
7.6443532996231855e-01
7.8274046347660398e-01
8.2734573984982807e-01
7.8378863433687573e-01
7.7616254006564267e-01
7.9303658291120160e-01
8.0731276030703503e-01
7.5328666922739973e-01
7.9661329687837057e-01
7.8431013617072443e-01
7.7176232413961487e-01
8.2414693107008508e-01
7.6215023491901202e-01
8.1259242512350482e-01
7.7789444268731600e-01
8.2357604374540250e-01
7.6918019966460838e-01
8.4328896309065304e-01
7.0669645574085083e-01
7.8935253036843589e-01
7.8152545584296274e-01
7.4934142505745471e-01
7.4319745598238418e-01
7.9713706778539262e-01
7.8810236235523701e-01
7.5401557889215864e-01
7.6714969984016401e-01
7.7568004145579694e-01
8.2335490399025713e-01
6.8487401770391210e-01
8.0977392231230449e-01
7.5237617526503542e-01
7.4277429749034773e-01
7.6344762671785027e-01
7.7515529833749408e-01
7.6004173588445645e-01
8.3206302906767338e-01
8.1501892622571182e-01
8.3516067641777925e-01
7.7077864533132323e-01
8.2394084780875998e-01
8.3221281190678742e-01
8.2850643385695610e-01
7.9479297620492528e-01
7.8632738990057605e-01
7.3202987410254639e-01
7.7862867218117904e-01
7.6493994182283420e-01
7.8676952370736819e-01
7.3385441741782309e-01
7.9389300949510888e-01
8.0046332680600030e-01
