נטעונטי נאבבסא N=1000 N(0.0000,1.0000)  n=5   =100
0 1000
0.0000000000000000e+00
0.0000000000000000e+00
1.2167941027729287e-33
7.9707350335723781e-34
6.5514127075970851e-34
2.8028480748031536e-33
6.3770148014768344e-34
2.5877925939266948e-32
1.4978824949432696e-32
1.0602217097181129e-33
6.4945264381223202e-33
2.6051054570794059e-33
7.0904371104294253e-34
1.1152064130058683e-31
2.5286591325246014e-32
5.3749179106543016e-32
1.9507212284393481e-32
1.5856527749925451e-33
4.7870517812820790e-34
5.4752186710641336e-32
1.0111947478438883e-32
6.1412882565005754e-33
2.7376475514446185e-32
1.8270564262385926e-32
5.3186213352659780e-33
2.9233106365334711e-33
0.0000000000000000e+00
3.1190684919715778e-34
2.1457174636443995e-32
7.6991571119536778e-33
1.1675602264852205e-32
2.2672296521102885e-32
3.3230564777765572e-32
1.7225366298908820e-32
5.7557865496279286e-33
1.0968608038392079e-32
3.1239716028396308e-32
0.0000000000000000e+00
7.1004178606334866e-34
4.2871050712975516e-33
6.3193158730238356e-33
6.1143841606299216e-33
5.6540224321704160e-33
0.0000000000000000e+00
3.4559722762260592e-33
5.1379201643241627e-32
1.7730702234047671e-33
0.0000000000000000e+00
1.2565074597088353e-33
2.2353780800134998e-33
2.3157361029879630e-32
4.7362459589270829e-32
4.7439801840151145e-33
2.7467084830663810e-33
1.1509368757460296e-33
4.4137035418676143e-34
3.7657750488575824e-32
5.8461527404340859e-32
4.7753038834486335e-33
1.2654473985883352e-32
1.8059191347241744e-32
3.2179402464898947e-32
2.2314099130556430e-32
6.7656134849991022e-32
1.3895700668663101e-32
1.2739268197923160e-32
3.3616989731209586e-33
2.6745287471803945e-33
2.7569643381910495e-32
1.3467174011868797e-32
4.3795786558440760e-33
1.8238387723629811e-32
1.7384359402844621e-32
0.0000000000000000e+00
1.1327557900371900e-32
7.7382654917555083e-33
2.9042903324836138e-33
1.6015778083800028e-31
5.2869758274431233e-33
1.3018403087773071e-33
2.3831873474764429e-32
2.3978723480827421e-32
4.6674805720727587e-34
5.4075761827981375e-32
2.9561677909742399e-33
3.2902107643346065e-33
3.5581159862268609e-32
0.0000000000000000e+00
2.0207455118758710e-33
5.3214187177090582e-32
5.9205105979361738e-33
5.6452688681627909e-33
1.2825414819522601e-32
6.3878880162792902e-33
8.5733758430316195e-33
3.2714717394181303e-32
1.1830300986760603e-32
9.1993661509119246e-33
2.7339611863278663e-32
3.7282889090453221e-33
1.1145083132401300e-32
7.2408779868713058e-32
3.0513380084043131e-33
2.7828326001388780e-32
4.2633112510892129e-32
2.6715803487161444e-32
3.0037870817825382e-32
1.1378919004428772e-33
3.6916478042897567e-32
2.3010064132691332e-32
1.7939530957350935e-32
1.6788851041918583e-33
1.4950884190058741e-33
5.9049699605892554e-33
7.1335344551965101e-33
1.8703367229162403e-33
3.9023353009803060e-33
9.2424643343516652e-34
2.6330219321766746e-33
5.1656019580013719e-33
1.1805775834230624e-31
1.6354385072902509e-33
1.2150763455712071e-32
7.4334578148251115e-34
3.0432506124410349e-32
0.0000000000000000e+00
1.3367518534892187e-32
1.9591742220443497e-33
4.6454120808801125e-34
2.1963346241431822e-32
1.2211949405895331e-32
0.0000000000000000e+00
3.3288346593832248e-31
1.3014798246715618e-31
0.0000000000000000e+00
1.1375004246517517e-34
0.0000000000000000e+00
4.2652076170829382e-33
9.0616356769904681e-33
0.0000000000000000e+00
6.1976303735489665e-33
2.5907855370921411e-33
3.4095766353699918e-33
1.0575807363149564e-33
0.0000000000000000e+00
0.0000000000000000e+00
4.7932534350853453e-33
1.2292216824472376e-33
8.9117889067109450e-31
0.0000000000000000e+00
5.3668192310651655e-32
2.4764960391634575e-31
3.4121908962496790e-33
1.0905577976595987e-33
5.8712487048890170e-32
5.7347628277451852e-33
1.5567807214726750e-31
9.6214386621195156e-33
0.0000000000000000e+00
1.3897563930523515e-32
2.3266372469671049e-34
2.2709804348076627e-32
3.2828964741373622e-33
1.1575106816908205e-32
6.7949115686404380e-33
1.6226654356946966e-33
1.6100364639355402e-32
2.6529521705295185e-32
3.6917112420290745e-32
2.5300852260464529e-33
2.7945394148378465e-33
1.0760602016037193e-31
8.6874260915213848e-32
1.9477769605404514e-32
4.6546601273684495e-33
1.3309405631858507e-32
1.1107395240094056e-31
1.8586211495175663e-32
9.4536447560196396e-34
0.0000000000000000e+00
7.5862212926020628e-32
1.1773533323339002e-31
3.2276849575948300e-33
0.0000000000000000e+00
4.4806208837653101e-33
5.6471649825450860e-33
1.1840911704346805e-32
4.1143145472766255e-32
1.4268556731518518e-33
0.0000000000000000e+00
0.0000000000000000e+00
0.0000000000000000e+00
2.4071124931809388e-33
1.0301466158889229e-32
1.2732073491939414e-34
4.2423756670685943e-32
1.2994401249345074e-32
6.2944633757440216e-33
5.8614420022370726e-34
4.2729982444272790e-33
0.0000000000000000e+00
1.9405698967792919e-32
9.3154382482258154e-32
0.0000000000000000e+00
3.7116647509564144e-32
5.2862191907843411e-32
4.3343757960915039e-32
3.5163368078176315e-33
5.1967053448027141e-33
1.1471646774487315e-32
3.7704594844155785e-33
1.2789196877250222e-31
9.4889871170442750e-33
0.0000000000000000e+00
5.5742277582573236e-33
1.4443676566587088e-32
3.3589902895083328e-33
2.6366871209083996e-32
1.5008173034174329e-33
1.9018552041358179e-33
3.0693051002733001e-32
6.8952867986188963e-32
9.5394199861300792e-34
3.2124599991575112e-32
1.5240045132745551e-32
0.0000000000000000e+00
4.2830807664781850e-33
1.6066287309600594e-32
4.9025248490837101e-33
7.4097691369203776e-32
4.5043222506528503e-32
6.2893802278968763e-33
1.1759516627572734e-32
8.8549530671265555e-32
6.4660114122718435e-32
9.5876532094258130e-32
2.0576552634827352e-32
5.2423958583397789e-33
2.0812916068875259e-33
4.9812129920416614e-33
2.5297354672209949e-32
1.5732113222657006e-31
2.7835711457309043e-33
3.3687753788904917e-32
1.0825390516835174e-32
0.0000000000000000e+00
1.6242882150214638e-33
3.4128257155173305e-32
4.3863780242029313e-34
1.5319384493615780e-33
5.9511878991311431e-33
0.0000000000000000e+00
2.3990651300253318e-33
2.7791741663528110e-33
3.4569887566034486e-32
4.9446849173921809e-32
0.0000000000000000e+00
6.1444474507052965e-32
1.0215053820516401e-31
1.8847323979671164e-32
3.0699381029616670e-32
1.3770060437680042e-31
8.0970451055764080e-33
5.8634210742543107e-32
0.0000000000000000e+00
5.9366858270589712e-33
2.2743679467632724e-32
2.7195305581987166e-34
2.4493844017751016e-32
0.0000000000000000e+00
1.0805895644642372e-32
4.6541583089959904e-32
2.0143491961106186e-32
1.8695200393157611e-32
6.7006998851536988e-33
5.8991065620003022e-32
1.2621350994485871e-32
1.9684371279603612e-32
2.1658024774733845e-33
6.1632419634696347e-33
3.3766715270789331e-33
2.0962077036466982e-33
2.4430931422810075e-33
2.2174022001843513e-33
8.7328455752526112e-33
3.0971516070547935e-33
1.7681445721355293e-32
2.6016627739973669e-34
5.0553362448488380e-33
4.8438479853003376e-34
1.3396961290277658e-33
1.6650336544198424e-33
7.1244857111700703e-33
7.7468450303537713e-34
1.1749505303476569e-33
2.6080331163220269e-33
1.3872089918151371e-32
2.8560599120291721e-32
5.9868513516978280e-33
0.0000000000000000e+00
2.0312759789256573e-32
5.5364172571758839e-33
1.8533938164245177e-32
3.2242059978092538e-33
1.9931294413273602e-32
1.0784869613663625e-32
4.3750063935181707e-34
2.1929227206682076e-32
2.3664078432454271e-32
7.9823596265015054e-32
1.7702876107321083e-32
6.5626640244377895e-33
0.0000000000000000e+00
1.1350643138578527e-31
3.1265281536493542e-32
2.4713860609299069e-32
7.2353655046812943e-32
5.5915129735459571e-33
3.4383051089122727e-33
8.8510544363918727e-33
6.3105746458352470e-34
2.3206766350781924e-33
0.0000000000000000e+00
2.2729441606170050e-32
8.6531018689823002e-33
1.4810721608635775e-33
5.2414612416675850e-31
3.8961394216727922e-33
9.2500623228164782e-33
0.0000000000000000e+00
1.7099838360911680e-32
2.0407006139453066e-32
2.0242742443311993e-33
5.6293021255084557e-33
3.9283919360449000e-33
3.2216770839275801e-33
5.1272122579806679e-33
5.3474861454277488e-34
1.5839782786832799e-32
1.8894860271147818e-32
6.2186882799765676e-33
8.3239657350462172e-32
6.1834749389355768e-32
3.2046436778922623e-33
1.3691196055531995e-33
2.7986915528876540e-32
0.0000000000000000e+00
8.6523613008346360e-32
0.0000000000000000e+00
5.8283080794904036e-32
7.6733500145901429e-32
3.1658641809501639e-32
3.5365983689474979e-32
4.8046052264340987e-32
0.0000000000000000e+00
2.0626283761180476e-32
0.0000000000000000e+00
1.3651235913556973e-33
7.3391133023480602e-33
2.6191598631795777e-33
1.0074248445066797e-32
2.3119811963690250e-31
1.2121610811653830e-32
9.9505837010492892e-33
6.7244565206251729e-32
1.7221586991829097e-33
5.9548570886511223e-33
2.0958207247152524e-33
9.8408734986923099e-33
1.2907890725601811e-32
1.1214345973206798e-30
3.5424475932412341e-33
4.2657458474792293e-34
0.0000000000000000e+00
7.3583108449754706e-33
1.6171948041170534e-32
1.5623279663083116e-32
8.1004776717341551e-33
2.0876026309624710e-31
5.9144772123807775e-32
3.9874456008276754e-32
3.6352615328563170e-32
8.0061628185839558e-33
4.9728076900786676e-33
2.3192082352226089e-32
4.1314431267912882e-32
2.0028305633065531e-33
5.1702834435854364e-32
5.8092758119166997e-33
6.6215144748656012e-33
1.2069610317763605e-34
3.6185794181483892e-32
1.9501943345167421e-32
0.0000000000000000e+00
0.0000000000000000e+00
3.4538552080531780e-33
2.7284133521859819e-34
1.4989031062641224e-32
1.1258351108435136e-34
0.0000000000000000e+00
1.1547268771433953e-32
2.6089153694633130e-33
4.0672446701211565e-32
3.4455592398714955e-33
8.4070077049032663e-32
1.8150807074340316e-32
2.1763248578188844e-33
6.5180521367737445e-33
1.7610269249687190e-32
1.9431878007632638e-32
5.1220716510263338e-33
5.8663332996823371e-33
4.8499141593669322e-33
5.7883050895985281e-34
7.4754419928923955e-32
8.1558729735270148e-33
1.4873573370018825e-32
0.0000000000000000e+00
7.1107705002658928e-33
1.3401145193891897e-32
0.0000000000000000e+00
1.9071972941015574e-31
1.7265420323058954e-32
1.6150354335860155e-32
2.7641024902204231e-32
1.1011091215331443e-32
0.0000000000000000e+00
5.5900950688742542e-33
2.2636130493711960e-33
3.3154316972644444e-32
0.0000000000000000e+00
6.2433856442816800e-32
9.4558881925518493e-33
1.6911787186728555e-32
4.5548874083010851e-32
6.7466023344504838e-33
0.0000000000000000e+00
5.1436900334122299e-32
9.4761769487191627e-33
2.2269812136365659e-32
2.2132751304764047e-32
2.1646739559210871e-32
2.3376080827815849e-32
8.5437209545189118e-32
7.6739291017447396e-33
4.1578037564042043e-32
6.0883634014803005e-35
1.9726187102646052e-33
2.1120569721159602e-33
3.9320292674382881e-32
0.0000000000000000e+00
4.2653638123453355e-33
1.2488855313695980e-33
0.0000000000000000e+00
2.1951176606055729e-32
3.0809916465312251e-34
8.6088366518457131e-33
0.0000000000000000e+00
9.7539330028436089e-34
6.8171510926088556e-34
2.8229977355405576e-34
4.3007309407230265e-32
7.9280381552775196e-33
1.3317464054476157e-32
7.0099391492453487e-34
1.0573393475309137e-32
1.2949156587592316e-33
4.8547506051978783e-33
4.2665777121145540e-32
3.4784031676330116e-32
3.2728429072419851e-32
9.4958362978066032e-34
3.7010657940424964e-34
2.0453813010167715e-33
2.9040595824644079e-32
6.7690506838729414e-33
6.8240473605652628e-33
0.0000000000000000e+00
0.0000000000000000e+00
1.6807790913540726e-32
7.2677423620314008e-32
1.1425821673431192e-31
4.4067765628428055e-32
0.0000000000000000e+00
1.0356920917752736e-32
0.0000000000000000e+00
6.3259393078734767e-34
0.0000000000000000e+00
1.2320786807602434e-32
1.3364698150236814e-31
0.0000000000000000e+00
9.2528809016705225e-34
1.4230195629812727e-32
3.2137212289478094e-33
1.3247692847953130e-33
4.6089200955178095e-32
0.0000000000000000e+00
7.2475389969458900e-33
1.5193979279582883e-32
2.0826260973435227e-32
3.0007338999649246e-32
9.0595661307142724e-33
0.0000000000000000e+00
7.7531136037047770e-32
6.9187952773626654e-33
3.7767166150652662e-32
9.6332902706842517e-31
1.0784042146011483e-32
6.0209431193597829e-32
8.1373252761469355e-33
2.0566959637664519e-32
1.9401787104847529e-31
5.9360996432324500e-32
0.0000000000000000e+00
0.0000000000000000e+00
1.7470229887388669e-33
9.8298900390413081e-34
2.1312572059156731e-33
1.3927049562069622e-33
2.5880264339721632e-32
1.9711879595283366e-33
2.4577357709606654e-33
2.6847933399967658e-32
3.1638264691798220e-34
3.9654012474939756e-32
1.8097679053168378e-33
3.8484584028353886e-33
1.2714694440162671e-32
1.3651872018371931e-32
9.6724521728032997e-33
1.4788470943591648e-32
3.5044657083113305e-32
5.0238894613385645e-31
5.1996381751031378e-33
9.1912682989091763e-33
0.0000000000000000e+00
1.2984097018880728e-32
2.3486731880718037e-32
0.0000000000000000e+00
2.8972366153543323e-34
0.0000000000000000e+00
8.2787609929247146e-33
1.4530050021510051e-33
0.0000000000000000e+00
3.3070035594485395e-34
1.6666826454120439e-32
1.3293007787668761e-33
1.1142122083819681e-33
0.0000000000000000e+00
4.2397659789764311e-34
9.1454563402989632e-33
1.9249347053697607e-33
1.0074022815988269e-32
1.6879955531324306e-32
2.1756003712319927e-33
0.0000000000000000e+00
7.2253154093373240e-33
1.4900812333065783e-34
2.9045288847593257e-32
1.0055489107659086e-32
0.0000000000000000e+00
9.3214753142666255e-33
1.2185870207639208e-33
1.1223195688631909e-33
1.0346516740468457e-31
1.4167430796455314e-33
8.1486497396956758e-33
1.5163713403139724e-32
1.8550613722544791e-32
1.5266541974672602e-31
7.7776154850608658e-33
0.0000000000000000e+00
7.2992289535688774e-34
3.4493727896818845e-32
0.0000000000000000e+00
8.5591495833184206e-32
0.0000000000000000e+00
1.1701113836056778e-32
3.4957372847849207e-32
1.7380022067758276e-33
4.7255860848164464e-34
1.4368204860502193e-31
1.6060096150650007e-32
4.6154115171563684e-32
8.0678414069145991e-33
9.8056834977211365e-33
0.0000000000000000e+00
1.5532475519715460e-32
2.4401312851690528e-33
1.8508282906140604e-33
3.9464700090149667e-33
0.0000000000000000e+00
4.0009147719307143e-34
2.3886693247693852e-32
1.4565929861552217e-31
0.0000000000000000e+00
8.3767249789580477e-34
2.3039295600813692e-33
1.2761873954549405e-32
0.0000000000000000e+00
6.2717168112677992e-33
1.7676925481525573e-32
1.0106994815759330e-32
1.4077616113111441e-33
4.8748095798398276e-33
3.4363965123044755e-32
2.9253643569830634e-32
1.5269072732067287e-33
1.7847974501568483e-32
3.6397876728522291e-32
1.6094664320830344e-32
9.4624356758003347e-33
1.7465824552539579e-32
5.7140010908831810e-32
1.7030128927777216e-32
2.4633979304575616e-32
3.8601130419335563e-32
4.2248233914359664e-33
0.0000000000000000e+00
6.8636635802505613e-34
3.9141247348977706e-33
2.8606736244230312e-33
3.0252157403530747e-32
1.0248159487092903e-32
2.7956323868893443e-33
1.0317542550413094e-31
0.0000000000000000e+00
2.0015693023955854e-32
9.0038013466847727e-33
2.5626078332473257e-32
6.9475191163021432e-33
0.0000000000000000e+00
2.4906454851546147e-32
1.7992654558248850e-32
3.1589000002292818e-33
2.2163820303514051e-33
7.5924814564846165e-32
7.1270146018396708e-33
3.9656980756867839e-32
1.9406638808459603e-32
1.0806276296891095e-32
1.3514915512874828e-32
3.8602378469560784e-33
5.5470828485021225e-33
8.6982420166267650e-35
4.3029078750135291e-33
7.0142696591574969e-33
0.0000000000000000e+00
1.6286030622802611e-33
7.9879766923104631e-32
4.7265191296953279e-33
4.8081705857328188e-34
1.5853272775925517e-32
3.8001155075039601e-32
1.2200384143304639e-33
2.1418204156123319e-34
7.4183349307001695e-33
1.5365142812086132e-32
3.8808537754691846e-32
9.3567186613908038e-33
2.0654778244971530e-32
1.4465833648356094e-33
2.4464628681879881e-32
9.9029737333096118e-33
6.4352623443946821e-32
5.7264721132216684e-32
1.0757075163653304e-32
0.0000000000000000e+00
1.1166569266146027e-31
3.4075310260927508e-33
5.0140414179214450e-33
8.6244079642452982e-34
6.0934455096011147e-32
1.7354490140025053e-33
1.3516933999952173e-32
2.7897733777821806e-33
0.0000000000000000e+00
1.1897277661807733e-32
2.9564050117996180e-33
1.5240161748760922e-32
1.9127831150009484e-32
3.0296672220956998e-33
5.7432041745102137e-33
5.1166380287373628e-32
0.0000000000000000e+00
5.4222847211221791e-33
2.4601838905452951e-32
2.0133364423905785e-32
0.0000000000000000e+00
4.0397545108181496e-32
1.6871967867335708e-32
1.9637477321608468e-34
3.1683140260025016e-33
0.0000000000000000e+00
1.0593524249890787e-32
1.3278738103418575e-32
8.1585567785679595e-32
3.1698408491412093e-33
5.1349527965892206e-32
2.4590922283706877e-34
6.3776495770814406e-33
7.8137956661593847e-33
3.2473926405504350e-33
5.1892716996368187e-33
2.2889603879433678e-32
9.0708914391583193e-33
3.0870451712020013e-32
3.6048611079959002e-33
1.0883410066377904e-31
7.3171681449959304e-33
1.6747727759085117e-32
1.1800485202036889e-32
4.2822579206112212e-34
2.0768798708742269e-32
3.1275024446665497e-33
7.8093210778961918e-32
7.3698191581729963e-35
9.2350211039758395e-33
2.3991743747520364e-32
2.0717311275643327e-33
2.7700855618522000e-33
3.6096098169474466e-33
3.9230132466683869e-34
4.6404089411096329e-31
1.1197608635116464e-31
2.4730035078501381e-32
1.5600649560197092e-32
2.2388278316497807e-33
7.8792646299351852e-33
2.4332688750268086e-34
6.5348122614345355e-33
4.5028161492938744e-32
1.7279424915064594e-31
5.6301097278136432e-34
3.1699300759012858e-34
2.5486725412810304e-32
4.1502866584154227e-33
1.4555417774075320e-31
0.0000000000000000e+00
2.0764271253858441e-32
1.3316040107322042e-32
2.7571874608122847e-32
1.2129724002231742e-32
3.4492387255352733e-34
1.6380211007282450e-31
2.8524872079332583e-32
3.8574618982040589e-32
5.6237124553316800e-34
1.4652395555771798e-32
4.3552669184373301e-33
0.0000000000000000e+00
4.8448050957675704e-33
0.0000000000000000e+00
1.4348206278422302e-32
0.0000000000000000e+00
7.5794593490764669e-33
1.9630354845050363e-32
3.8335670443853882e-34
2.7736028913642542e-32
7.9798026536302333e-33
6.9114697597629746e-32
3.9490553311632904e-33
6.0623315878725786e-34
5.4770683022377471e-32
0.0000000000000000e+00
9.4325101818319242e-33
8.1208373301601282e-32
2.8333721614536511e-33
1.6178507575989240e-32
3.9269310596078956e-33
1.1179965923651996e-32
4.9365138669535634e-33
5.0623358726979820e-33
4.4580016301589874e-32
1.9904006806924217e-32
1.3487200582908205e-34
4.8417614999279005e-34
3.0317565732094954e-33
1.9526097656187097e-32
3.2906331280444785e-33
1.2752340434379642e-33
8.1607497432588097e-33
3.0826636313956983e-33
3.6180591228324698e-33
3.2718883624502364e-31
1.2310038807579412e-32
0.0000000000000000e+00
2.5965793290264520e-34
7.4822728343000219e-32
6.1916482366397059e-32
1.6472687505636143e-33
3.5685232441978757e-32
7.1133286260341101e-33
1.1993351846165765e-33
8.0096379653510698e-32
4.0038655828893134e-32
8.1571501739713941e-33
8.8965256684583746e-34
4.8249894836734293e-32
1.9734973927469359e-32
1.6564990014324816e-33
1.5019351636902457e-33
1.7023909173497904e-33
0.0000000000000000e+00
0.0000000000000000e+00
0.0000000000000000e+00
0.0000000000000000e+00
1.7705801493115727e-33
0.0000000000000000e+00
2.9272744960102821e-33
2.5857577915982219e-33
3.0127191921485131e-33
6.2916626109328003e-34
1.7339196111363832e-33
0.0000000000000000e+00
4.2955321498947318e-33
6.7366184730195997e-33
2.7476302262686034e-32
1.0192870022609235e-33
5.4157807849565422e-33
1.7103594374008534e-32
7.3356204641138091e-33
6.0565952966111141e-32
1.9841564922794181e-34
5.0643270532973643e-32
1.7735997144750996e-33
3.4678302492045521e-33
1.4266198595229124e-32
5.7517206036420651e-34
1.1961588112602209e-31
6.4656162910577203e-33
2.1201900242611627e-32
4.6748811322926502e-32
8.6933076295166196e-33
2.4201630471922735e-33
2.4706086680148275e-33
1.6617633931850259e-32
5.5597128534397018e-32
4.2462627706545339e-32
3.4969999738017129e-33
1.0272510132337118e-31
2.3152516221470050e-32
2.9889019071939145e-33
1.3600879097074265e-34
0.0000000000000000e+00
1.2134415373254160e-32
0.0000000000000000e+00
5.0800337198025787e-33
8.7974349709302673e-34
0.0000000000000000e+00
4.2524782097216758e-33
5.9331369872499894e-33
1.6089711263029340e-33
3.3648037220501198e-32
2.5854750750497128e-32
3.5342925187147801e-33
2.6009312859083438e-32
1.4592513836909071e-31
1.4246160570128300e-32
0.0000000000000000e+00
2.6579503883742458e-33
1.4812802840020225e-32
0.0000000000000000e+00
2.4193886473518269e-33
8.6385931186411044e-34
0.0000000000000000e+00
1.8217758151558388e-32
9.7899800883756362e-33
2.9963960967534849e-32
1.5696152382071499e-32
0.0000000000000000e+00
0.0000000000000000e+00
1.2750442676184849e-32
5.4666899273095767e-33
4.6683953790452366e-32
4.7835491750140829e-33
4.5874519378948557e-32
9.4719874046241586e-34
8.5975988526383757e-32
9.1717984663119793e-33
1.4984532153972868e-33
3.7078651652316154e-32
0.0000000000000000e+00
1.7124890557580694e-32
1.4733743706267138e-32
2.4827633712661745e-32
7.4091061827874156e-33
3.0185015098167951e-33
0.0000000000000000e+00
6.5641618050127092e-32
9.5946371894201296e-33
2.0777409368425993e-33
4.2438920657441331e-32
6.2444597697276227e-32
5.1897260426317391e-33
4.4139216782662883e-32
4.2665667610530960e-33
8.7854908543919889e-34
1.8645528808502525e-32
1.4351786038074822e-32
0.0000000000000000e+00
1.3224863581687238e-33
2.4855097879372515e-32
1.1096761792064609e-31
0.0000000000000000e+00
1.5411484053450879e-33
8.4303697183298386e-33
1.0418272934064605e-32
3.1618273174187869e-32
5.5920787411177377e-33
3.7302660712363713e-34
1.2077858501726946e-32
1.0167142808916218e-33
4.7942081111309433e-33
7.3849207592211788e-34
0.0000000000000000e+00
1.8396365322324617e-32
3.8952471294298573e-33
1.4667546185202894e-32
6.8467524804448001e-34
3.3944779036274014e-33
3.4392816457374746e-32
2.7405349222537415e-33
2.7883609581554520e-32
1.2463579969498463e-32
0.0000000000000000e+00
5.2597742045354331e-33
1.5289093512003459e-33
7.0745424936673056e-33
3.8183782757786885e-32
1.0763990211471138e-31
4.2534567213479540e-32
5.8935343334482973e-33
4.3898096094869357e-33
1.1872793620681732e-33
1.5426486124408548e-32
2.0527656337393956e-32
6.8881771977601181e-32
0.0000000000000000e+00
2.8439425791258461e-33
1.6059151746935027e-32
8.5030900744573539e-33
0.0000000000000000e+00
9.7212766065868493e-33
1.4558188299336566e-32
0.0000000000000000e+00
4.0299879995379686e-32
3.8196529171580686e-33
6.0203642733372278e-33
0.0000000000000000e+00
1.6921048862354844e-32
4.4440525917996916e-32
9.3628905968767345e-32
1.8554202098400704e-32
1.5879623162840058e-32
3.7059696761167945e-32
1.0152139517035616e-31
1.6226978989068801e-34
3.3622612913191851e-33
8.3816204295448893e-32
1.3740375243154712e-33
1.7417990453569647e-33
2.7978585237114435e-33
1.5115499910089774e-32
1.3071965030371994e-32
1.2047910205350445e-32
4.8129850024912950e-34
1.2376475354801223e-33
0.0000000000000000e+00
1.0552640935411544e-33
0.0000000000000000e+00
1.7499101503610843e-32
8.8973593719114745e-33
3.4608490742038720e-32
2.6452935402662634e-35
1.6370889425730933e-32
2.5945360874363154e-32
4.5743758994193502e-33
0.0000000000000000e+00
5.4855859189277952e-32
4.1340751280792440e-35
4.7271637870293719e-34
1.8598887836097151e-33
2.1477696244512966e-32
0.0000000000000000e+00
2.7655494863191100e-32
2.9190324610967443e-33
8.2165599577379251e-33
2.4092474716835171e-32
6.0006055641982106e-34
0.0000000000000000e+00
7.1748267876799897e-34
4.8017405388132542e-33
1.1404847537354131e-32
7.2024162586985924e-32
7.0964628762742164e-32
2.1220750046031862e-33
3.1506446823690048e-33
0.0000000000000000e+00
1.0817992118010505e-32
