נטעונטי נאבבסא N=1000 N(0.0000,1.0000)  n=40   =100
0 1000
6.1749260829784491e-01
5.5438201986636171e-01
5.1230183618174885e-01
5.1920754444862049e-01
4.7635191704207847e-01
4.1778845604230219e-01
4.7951340578690121e-01
7.0448186595981332e-01
5.8485546918139841e-01
6.4437942198080289e-01
5.7937031024278152e-01
5.9735182180894186e-01
7.1754782837378905e-01
6.8124456844287673e-01
5.9822295106231538e-01
6.0240838451745782e-01
4.6918824347229171e-01
5.5315293842572311e-01
6.4190480187612564e-01
5.6212279787434016e-01
5.7672239848542328e-01
5.9619839412249942e-01
6.5692191380649534e-01
6.4151817531334820e-01
7.0229117586898859e-01
5.7621182358867118e-01
6.6141310827501654e-01
5.5354802787064727e-01
6.2200784681681132e-01
5.3282451408280451e-01
5.8507836229902510e-01
5.7148260690610164e-01
5.4572839764761683e-01
6.2528686429285163e-01
6.5530878700256867e-01
4.7828964483673264e-01
6.0345551374168149e-01
6.2075367839894313e-01
6.2931538080036897e-01
5.5072681479479513e-01
5.5563898028860292e-01
6.0937627657314719e-01
5.6180511259744359e-01
5.5168784489731137e-01
5.7088987529365920e-01
6.2602744849909575e-01
5.9925613042165937e-01
6.5062558314291663e-01
5.0141235013240781e-01
5.9648054335353085e-01
5.9932029703709722e-01
5.3396044257101383e-01
5.9917113714534764e-01
5.7954536815233682e-01
6.2370967552070211e-01
5.7043154152745168e-01
6.6007337978020442e-01
5.8212659756369989e-01
6.0437959621139947e-01
7.0229883530505821e-01
5.3359693857465962e-01
5.4709277658437838e-01
4.9191727988255640e-01
6.2539840019203630e-01
4.4150904278565989e-01
6.2780898366764593e-01
6.0451157905296371e-01
5.5196234095894126e-01
5.8540157292975037e-01
4.7009991866496448e-01
5.5922876630130891e-01
5.6138717877433342e-01
5.1738141359858170e-01
5.3362841845807141e-01
5.5120686766637206e-01
6.0267462295699381e-01
5.7163679329120953e-01
5.8009863663579830e-01
7.0017335081830701e-01
6.3955119624321854e-01
6.8534533426789346e-01
5.1285581051077234e-01
6.2211215074235782e-01
6.4170925707227622e-01
4.5659858838575185e-01
5.2542127592329013e-01
5.4578151193076074e-01
5.3360870801379390e-01
7.0173804579050325e-01
5.9013697630634965e-01
6.1434121286362842e-01
6.0130587432031646e-01
6.7107939479961698e-01
5.5642215434745013e-01
5.7253090252719541e-01
5.7412505306156181e-01
5.8653862826266889e-01
6.0422095921035646e-01
6.5951519237299372e-01
6.3797941085476650e-01
6.2611456545225264e-01
6.0756549691171058e-01
5.7184644369975746e-01
5.6309879278949793e-01
6.5321160352545982e-01
6.0248980879068115e-01
6.5926377140487324e-01
5.8004073219954300e-01
5.3315505565284627e-01
4.9563323192963421e-01
5.8793294855354472e-01
5.7525096231384754e-01
5.5555421903476054e-01
5.6656306677680601e-01
6.2952424987578326e-01
5.8038958621902870e-01
6.6876351925962074e-01
5.4978505155483715e-01
5.7962560820572029e-01
6.8361182181898406e-01
6.1446791080008711e-01
6.1334244895782952e-01
5.7748688718142183e-01
6.7465885375178791e-01
5.8764419439840754e-01
5.7556379726824358e-01
5.3931583139201966e-01
6.4583748007663233e-01
6.6121293433312289e-01
6.1244062961906998e-01
6.0637614988273958e-01
5.9696581093389689e-01
6.5822544009937844e-01
5.8530635656094376e-01
4.9782385948670188e-01
4.0342898437582025e-01
5.8330393232848265e-01
6.4791329145396392e-01
4.4414116649967450e-01
5.7169006046523652e-01
5.2634077113087874e-01
5.3605207462854509e-01
5.6815708266651177e-01
5.0437646749283893e-01
5.8639050596364584e-01
5.8955091407442584e-01
6.6541821110301003e-01
5.1395922510360414e-01
5.4719991078578245e-01
7.2056454470343079e-01
5.8221473356375431e-01
5.4019060121501983e-01
5.7427741751067773e-01
6.4295539959642656e-01
5.1259998718896516e-01
5.9400066586622746e-01
5.6794034505373359e-01
5.7688543109548440e-01
5.5549537058786236e-01
5.2565702995932884e-01
5.9028134723032255e-01
3.9767583139906937e-01
5.5506462843063176e-01
6.6706380240430740e-01
5.2321581186240862e-01
5.8515484697485254e-01
6.1327063785662195e-01
4.4447566367129282e-01
5.6255014128091452e-01
5.9595308260311175e-01
6.4719717693960543e-01
6.3214468511234678e-01
6.5516317752519193e-01
5.1797556724742166e-01
5.3377443970776273e-01
5.8277530234731856e-01
5.7432671656978351e-01
5.2614575469069014e-01
6.2938002779873614e-01
5.6083368421867619e-01
6.1308952139401152e-01
6.0806120395606689e-01
4.3889892484315973e-01
4.8886001706835480e-01
4.7137022971564357e-01
4.9709997133548278e-01
6.8305735526146139e-01
4.2554622710728884e-01
5.9513836658492747e-01
5.0411232619566970e-01
6.0063338549248779e-01
6.1578128198934290e-01
6.2228298926749559e-01
6.5636941124276460e-01
6.0743603176778238e-01
5.9527174242294334e-01
5.6792611990042563e-01
6.5194064453411493e-01
6.3826884637887016e-01
6.3057301199223148e-01
6.0558423665577898e-01
6.2991725948085020e-01
6.2877509613863469e-01
6.5028155856195646e-01
6.6063799406240975e-01
4.7587465984596516e-01
5.3532344758365213e-01
6.3728178579629369e-01
5.7067630100628686e-01
6.1221913966894204e-01
5.6089670930974656e-01
6.1002932462614656e-01
5.2593713500926675e-01
4.3980384677326340e-01
5.1606359647295930e-01
6.2729740014543545e-01
5.9597499099445583e-01
6.3011596366601974e-01
5.7093817346817022e-01
6.7761143930063372e-01
5.9565449016116989e-01
5.1652845890767352e-01
6.5430929039067187e-01
6.7653487141008906e-01
5.8955736076071852e-01
5.1342180383717528e-01
4.8239290695871073e-01
5.1026790758827956e-01
5.2243618889881072e-01
5.2387678739975141e-01
6.6625730996957211e-01
6.0924857022217482e-01
6.0568595975187167e-01
6.0278372051154638e-01
4.7750781185201718e-01
6.8737479914509358e-01
5.0706192869971867e-01
6.7452877486657870e-01
6.0577169024585931e-01
7.0512680101849201e-01
5.6766400574024478e-01
6.8957736094877242e-01
6.1593244718297169e-01
5.3384364252242988e-01
6.5623229199388011e-01
6.0346320799555142e-01
6.0567031966801999e-01
5.3870196786720970e-01
5.5214777866924791e-01
5.9916674863247443e-01
5.6146074414553515e-01
5.5493958727549941e-01
5.5860203823328658e-01
5.7125281490357693e-01
6.6546674683161744e-01
4.5796876017294202e-01
5.0253447642832072e-01
5.6424428328130627e-01
6.2374736976890433e-01
5.9404352874586708e-01
5.4027738004117554e-01
6.1056765187384598e-01
5.4673828440448269e-01
6.3977941555335871e-01
6.6694208372301667e-01
6.0966820569093005e-01
6.1468995205402321e-01
5.6964057846085037e-01
6.9988604288355916e-01
5.0141955775094293e-01
6.0227667494640891e-01
6.6745204887631537e-01
5.3749728831179633e-01
6.2615718814248900e-01
5.2467921248027893e-01
6.1277562931452845e-01
5.9908046023710615e-01
6.0259696869811441e-01
6.6712997359695636e-01
5.7068476488880104e-01
4.9783279200330982e-01
5.9469715417524749e-01
5.6042747957250982e-01
5.7735272757856027e-01
6.1514270192179610e-01
6.4891750243380475e-01
6.5728392906928423e-01
5.6856895999738788e-01
5.2707842991180187e-01
6.1169686604725393e-01
5.4522845405820319e-01
5.9019323984454919e-01
5.6429825187325233e-01
5.5200682137870616e-01
4.8877373045419914e-01
5.8245867713464283e-01
5.2766740325592176e-01
6.2606687970098052e-01
6.7486803504578718e-01
5.7968952598054180e-01
5.8962448464222361e-01
4.4509409471690708e-01
4.9675005310379045e-01
6.3540743451822357e-01
4.7586353802199466e-01
4.4659600637442970e-01
6.7459749485014342e-01
6.3118835738887613e-01
5.4829111853976087e-01
5.5457284690839903e-01
4.6504025024397178e-01
6.6615397651471020e-01
5.5542465530337848e-01
5.6479738735781859e-01
5.9329287232033601e-01
6.6043009191594326e-01
5.8965035147774503e-01
5.3149072850530543e-01
6.0693119277928131e-01
5.5451698931202187e-01
5.6480288908523890e-01
6.4744544416977245e-01
7.0964021489158680e-01
6.5896670441029404e-01
6.1384421099510289e-01
5.2250456994436678e-01
6.4789513617998784e-01
5.6735162295772490e-01
5.8089097725871852e-01
6.0701978468332285e-01
5.9167843838692802e-01
5.3352671531958529e-01
6.6250303749434569e-01
4.8642818520749159e-01
5.5676483535590515e-01
4.7241563241195667e-01
7.1874355704934034e-01
6.2428172320030761e-01
6.5008615761344091e-01
6.2945487164422165e-01
5.6649977225411519e-01
6.1945163749645871e-01
4.7138770484288783e-01
6.2151319340484057e-01
5.7672927278557462e-01
5.2888388664366315e-01
5.2310945292119648e-01
6.0501457741383335e-01
6.6024191301543111e-01
6.3167356801569741e-01
5.7802645239978845e-01
6.1568924213488230e-01
6.3710441367838766e-01
4.6160309313561526e-01
6.4646495061815679e-01
5.5550005311824469e-01
6.1979266758143003e-01
5.5782312477006901e-01
5.2897426345290655e-01
4.9737269275010038e-01
6.1119055396376265e-01
5.7549205479683041e-01
6.1503394685239809e-01
5.3790658571290462e-01
5.6756909715875881e-01
6.4681356623368036e-01
7.1090403710970362e-01
6.5037744791177876e-01
5.2289999628773576e-01
6.7814156747440812e-01
5.7244081473686026e-01
6.2708962729651507e-01
5.4156204675515363e-01
5.8065947935826612e-01
5.3076536903656946e-01
6.5315033161706137e-01
5.6749019445838633e-01
6.0915042692100363e-01
5.9110958896790844e-01
6.3604706428142344e-01
7.0832193441817226e-01
6.6160973978049809e-01
5.9955499275578072e-01
5.9001602021723054e-01
4.9306560499911101e-01
5.9390061280641282e-01
6.1778400344324735e-01
5.9478382681530007e-01
6.5631021131759348e-01
3.9709689366069545e-01
5.4172516432703244e-01
5.8475961880131988e-01
6.1396986039039125e-01
6.0611529416071996e-01
6.1115769974269607e-01
5.0816691571566541e-01
4.8724560623006330e-01
6.2355403609847804e-01
6.3871628921451584e-01
4.6136117248906172e-01
5.4562798264330314e-01
5.5997727172889944e-01
5.2875434449093461e-01
5.8630916036195790e-01
5.5326297958770976e-01
5.1523578083130683e-01
5.3946043732467319e-01
5.0964787962610159e-01
6.4042678784552987e-01
6.2951471477671739e-01
5.4403664204573066e-01
5.4993438143289364e-01
5.2728959446382118e-01
5.0867521819978245e-01
6.2159546526620135e-01
6.4852403368453460e-01
6.0572655838947309e-01
5.7041624225707555e-01
5.3893423052820577e-01
5.1628197241428087e-01
6.3158224797640283e-01
6.0688912906281678e-01
5.3925494808219798e-01
4.6115989643755689e-01
6.4342215025083149e-01
5.8167660431937607e-01
6.7109610757733695e-01
4.9925709741418711e-01
5.8994711907605502e-01
6.1903693507302004e-01
6.3732282606039947e-01
6.3988412766019576e-01
6.2122067935297642e-01
6.9687871088802267e-01
5.0226330690356336e-01
5.2298576767780114e-01
5.3670343878278437e-01
6.0688476483076914e-01
5.0913293397015280e-01
5.9653612567652270e-01
5.7724986180298776e-01
5.6685136380399581e-01
6.9982501482741832e-01
6.8877129904099654e-01
6.3847150346296455e-01
7.3763331860318471e-01
5.7096943790090593e-01
6.9558642157980854e-01
7.2275217619284693e-01
6.7697802564061793e-01
6.4055349747613899e-01
6.2158496787812267e-01
5.3773193968909283e-01
6.2033207945143198e-01
5.5379320868233695e-01
5.8288622486667707e-01
5.3549987726461479e-01
5.5626347758907713e-01
6.2387532122308065e-01
5.8906784537449663e-01
5.2451039091304918e-01
5.4869551659432747e-01
6.0119302794502305e-01
5.8068701604770367e-01
5.7627073270034890e-01
5.1237581551949629e-01
5.6056069988355428e-01
5.3333334797255572e-01
5.2643372338602334e-01
5.9850347512420754e-01
5.1626541718886798e-01
5.4485871933768570e-01
5.9162995231589055e-01
6.0832326291255878e-01
6.3965708377502517e-01
5.2919922290246291e-01
6.5158185959915682e-01
5.5811833939819722e-01
5.6266642392573951e-01
6.0625038591237679e-01
5.3023277075493458e-01
5.8434107590150930e-01
4.9103916547454363e-01
5.6825128809674608e-01
6.2491257232252462e-01
6.2280692625283618e-01
5.5733213588643182e-01
5.1310354372921241e-01
4.2817844561560953e-01
4.3859296904080092e-01
6.5922924757250090e-01
5.4172845131232206e-01
6.6725980229936388e-01
6.4070190873108701e-01
5.3243459205880772e-01
5.3932022804158863e-01
6.2609807994397626e-01
5.3267081907553371e-01
4.6923430148356982e-01
6.3012605817549128e-01
5.9870803118002114e-01
6.8960526210068784e-01
5.1307553622759816e-01
5.6587641917032572e-01
6.5113252559499724e-01
5.6962019432020194e-01
4.6449443651532579e-01
6.4866363068623756e-01
5.8770470381707429e-01
6.0247465768155062e-01
6.2799229494335873e-01
5.4966419187718130e-01
6.7293233207993253e-01
5.1878530424648883e-01
5.5524640089243060e-01
6.4013904756146289e-01
6.0945712795927909e-01
5.9540386644433829e-01
5.3659807730709841e-01
5.6591742305977222e-01
5.9445114578743741e-01
6.3051984659947613e-01
5.9646780631435237e-01
6.6494841950664685e-01
5.8175583360639327e-01
5.2691735251405269e-01
6.5010767506489608e-01
6.1949376525007849e-01
6.1245905618347973e-01
5.6853696901662920e-01
6.4264453320031845e-01
5.5136947102816247e-01
5.4859390956241250e-01
6.5154339173211751e-01
5.1782990882912261e-01
6.4907590737799659e-01
5.2988932817425738e-01
6.0370047988906883e-01
6.4027606253216329e-01
5.7971176223576881e-01
6.1309362902645470e-01
6.2123913713348011e-01
5.3509156216615539e-01
6.0574423136621336e-01
5.3896578430194686e-01
6.7470149178708527e-01
6.4332336250126654e-01
4.9758144901674656e-01
6.4739280943513766e-01
5.8356854212649178e-01
5.5102810854579820e-01
5.3932047204559230e-01
6.5810123890928574e-01
6.4967731444214705e-01
6.4762261305518487e-01
6.8068549985437588e-01
7.2344182959415448e-01
5.1479811324909763e-01
6.2445552008184402e-01
4.8585657815402805e-01
5.6215479844033100e-01
6.0007153344334474e-01
6.6142193826814655e-01
5.8997614070109838e-01
5.4628455427910738e-01
4.9654136734392917e-01
5.8253369082119322e-01
6.3021123359339215e-01
6.3132050471036105e-01
5.5168595555233380e-01
5.7739602786211397e-01
5.5355582975966411e-01
5.8195414236321374e-01
5.9392367290325654e-01
6.5216826489746427e-01
5.6780470413407735e-01
5.6765551915291934e-01
5.7781309646098900e-01
5.8451379955882687e-01
5.3240208516370480e-01
5.0969922998068806e-01
4.1334557030085456e-01
6.5068664067759729e-01
6.9568214797551964e-01
5.7169440745267708e-01
5.2446776776527426e-01
5.3516220035378159e-01
6.5935639928012091e-01
5.1431000013596051e-01
6.1500940430876738e-01
4.7785517906854957e-01
6.2984989372333988e-01
5.9767929825524890e-01
5.6078666707714164e-01
5.3555521045634824e-01
5.5393622723228164e-01
5.1136958222753170e-01
6.4351638988626514e-01
5.6523260178527668e-01
6.3280055915576250e-01
6.4619988917217375e-01
5.0076644092742117e-01
5.8825100213822379e-01
5.2736474589315607e-01
6.4128898109394705e-01
4.7556047589323819e-01
6.2365694329950139e-01
5.8297657785971524e-01
6.2118698424450780e-01
4.3546465143670221e-01
4.7176266088179436e-01
5.5490310021539135e-01
7.2446960271671379e-01
5.8142541851238116e-01
4.2251028819185110e-01
4.7182746137760317e-01
4.9985960646779098e-01
5.9910577535690268e-01
5.8057934489967455e-01
5.8054851662997609e-01
5.7617579816291709e-01
5.9102753303335065e-01
6.8029557395335505e-01
6.0397876680906604e-01
6.0460306539607656e-01
5.1349394837262596e-01
5.0677663057913924e-01
5.0534354007298343e-01
5.3790992166961937e-01
5.4541361879689654e-01
5.0192066483464481e-01
5.4945787506752242e-01
6.3588356622739872e-01
5.5872507544698735e-01
5.2399568261409690e-01
6.8219311056018195e-01
7.4151127757763580e-01
5.7615230884758972e-01
4.3643113491614305e-01
6.5406510794583650e-01
6.9419487291148196e-01
5.0060504967558950e-01
6.3613008274650196e-01
5.8646921960130416e-01
5.1346832857475722e-01
6.5336444618675782e-01
5.8098800157778685e-01
5.6714148163716982e-01
6.5391102048953476e-01
6.4289142320364856e-01
5.8346378820092371e-01
6.1880768100297923e-01
6.8015763970167042e-01
5.9889288521928496e-01
6.2799383741357795e-01
5.9263331483892012e-01
5.7130420035100049e-01
6.1370221822556448e-01
5.9022753267810801e-01
5.9916154266313248e-01
5.3745329300544953e-01
6.0738900690290254e-01
6.9267836796069926e-01
6.1962346964510451e-01
5.7486332639753601e-01
5.8113428213979479e-01
6.9869461747414430e-01
3.9395868187612137e-01
4.8520368796151603e-01
6.4299235127123844e-01
6.0664594707995056e-01
5.8360940188793786e-01
5.7303314880111034e-01
6.2587826813148839e-01
5.8961950662351759e-01
3.3270631001630863e-01
4.4113345470209631e-01
5.7354166793071759e-01
6.1388023853229168e-01
6.1978239791373602e-01
6.2812507214556268e-01
5.6611896819585905e-01
5.2764341282981209e-01
6.3871329910007035e-01
5.8833865245567663e-01
6.3707959543680515e-01
5.6327996256215673e-01
5.6775218244488856e-01
4.7977312803322281e-01
6.7216225809055019e-01
5.2682321865461057e-01
5.8641752174127204e-01
6.5906452661868153e-01
6.3448377358207952e-01
5.2348461517117695e-01
6.5419011753880130e-01
5.4749978135004884e-01
6.2482310879863423e-01
6.2208045286119973e-01
6.1699332119338146e-01
4.8189118195085312e-01
5.9422774152822322e-01
5.8924603892724492e-01
5.4632262322897673e-01
5.6570561852661472e-01
5.3618636076599580e-01
6.7913309417567147e-01
6.4202095401989856e-01
6.1440468073968668e-01
6.2128228299316379e-01
5.5427438981819555e-01
5.8747786651519274e-01
5.5850152131617536e-01
5.3879831266688105e-01
5.4094414699005955e-01
7.0500114951384085e-01
6.3158178761453454e-01
6.0431325923920443e-01
6.0669952346803968e-01
6.2639638154586086e-01
6.2270110066344764e-01
5.7686026610653307e-01
4.7242067265972160e-01
4.7361478083501407e-01
5.8381601405124017e-01
4.3519478893698393e-01
6.8650137730792149e-01
5.5660093452925052e-01
5.5070131815168599e-01
4.3767547586535227e-01
5.7126844398880505e-01
5.7419508397488228e-01
5.6495100461435210e-01
5.3586865386583549e-01
5.4056181277317894e-01
5.4059458047453013e-01
6.0727408687898110e-01
5.8320194190748109e-01
5.7463036687070412e-01
5.8491205372800037e-01
6.8502231755300869e-01
5.5612930190210763e-01
6.4452632463861181e-01
6.0460445958680886e-01
6.3545681648109653e-01
4.7971058824907137e-01
5.3757956620087222e-01
6.0681056962300350e-01
5.6358999098413409e-01
6.2931993440810463e-01
5.6163468832332741e-01
6.1203318930631256e-01
6.1917541119480912e-01
5.7907855777515327e-01
4.4465874982938403e-01
6.9418366995834146e-01
6.1645190862665744e-01
6.5239941094407883e-01
6.3566378503651133e-01
6.4459285314393322e-01
6.3534326763815507e-01
6.6755404649558470e-01
5.8817924610166916e-01
5.5818591296861275e-01
6.6045607167820519e-01
5.1169369687863719e-01
5.0822051016080538e-01
6.3909970766277646e-01
6.7742588513615609e-01
5.5234551921065922e-01
6.0401150183598729e-01
5.9725618194541963e-01
5.5678676128870652e-01
5.2577676567023679e-01
6.1741757262304497e-01
5.9067148885989540e-01
5.9817559505679374e-01
5.3347547230491899e-01
6.3861168289174619e-01
5.8793372592330928e-01
5.7641491583249016e-01
6.5355714253711750e-01
6.5709670223517813e-01
5.2186535504925402e-01
5.8080569524164105e-01
5.6836559424603583e-01
5.8790228733756966e-01
6.7609818991377391e-01
5.4999178023433526e-01
4.6217775286750412e-01
5.8915213445029013e-01
5.2581489169637274e-01
6.7969703983654384e-01
5.6286232720624718e-01
6.2121864164782259e-01
6.4172208344723891e-01
6.7489434179100205e-01
6.0290324326775679e-01
5.8773377656614700e-01
5.6666659659299123e-01
5.8681745836627575e-01
6.8199869945667224e-01
5.8134434934836487e-01
5.9980864574563630e-01
5.8500802460080803e-01
4.8349532820917207e-01
6.3763784221880748e-01
5.6528482461187279e-01
6.0332056182456684e-01
6.6742490565003632e-01
5.9087880524263792e-01
5.6146949635217580e-01
5.5339960985102754e-01
6.5977613123206236e-01
5.2714766304978300e-01
6.2740145300357031e-01
5.7819477466711022e-01
6.2732793745163440e-01
6.2096326566473814e-01
5.0138296246562630e-01
5.9306546010759043e-01
6.6835471150594383e-01
5.1455720688826390e-01
5.9455151477426071e-01
6.3574883289107698e-01
5.0585107060632084e-01
5.8220927026161451e-01
5.3594738732020808e-01
6.0111860456705712e-01
5.4165208721813596e-01
6.9557005646886827e-01
5.2724684785437725e-01
6.9645827805095517e-01
5.4008419295251908e-01
5.6970287268702546e-01
4.5395810940119441e-01
6.1818395180339558e-01
5.8481050593419226e-01
4.9627461450429233e-01
6.4586045901335076e-01
5.5150837897958882e-01
5.2914910314881003e-01
6.5053396507936379e-01
5.3155168784751061e-01
6.2706312935478237e-01
6.5327711996085847e-01
6.1893508341052539e-01
5.2917312494455127e-01
5.7325633547409915e-01
5.9853134215041404e-01
5.6036564983325676e-01
5.4310998769694430e-01
6.0715019443593765e-01
4.8030685577209703e-01
4.3847063797137820e-01
4.6614988727064199e-01
5.8951231372617785e-01
6.3706361089461527e-01
3.6748974271567947e-01
5.5201183404965570e-01
5.7283934429362360e-01
4.8761483957546797e-01
5.8251915791191000e-01
5.9559476481093154e-01
6.0578804865312630e-01
5.7516298590318615e-01
5.6461667409719973e-01
5.2600261221419886e-01
6.9976625900824385e-01
4.8591612278319873e-01
6.6299498181368610e-01
6.7674532195654524e-01
6.1315564463428207e-01
4.8256833309505870e-01
5.6705789065435408e-01
5.8110891984051571e-01
5.2374837408661801e-01
6.3243088994160035e-01
5.9561518113942824e-01
6.2377345116638871e-01
5.8159577097741388e-01
5.5079460843384676e-01
6.3823544688387202e-01
5.7952290986201371e-01
5.7643262904876802e-01
6.2821972770860168e-01
5.7057716417631543e-01
5.7264717249535180e-01
4.7900212510623569e-01
4.9213437678299377e-01
5.7866435048341924e-01
5.6399271149772889e-01
5.8834147158474170e-01
5.4731401772064558e-01
5.7795502251904740e-01
6.6800138504622208e-01
6.0395023371648182e-01
5.1995208317624042e-01
5.0932598127375395e-01
7.0609231197830225e-01
6.1972114022659763e-01
5.0614181681807346e-01
5.2445891511346143e-01
6.3951740855365202e-01
4.8767104740006617e-01
5.9257005003082952e-01
6.6328772926626611e-01
5.4970297567912763e-01
6.9929365705252355e-01
5.6660901026300092e-01
5.9614616979761392e-01
6.0909678776559595e-01
6.0738835015787751e-01
5.3847043271722128e-01
5.4974649256321395e-01
6.5689531669622536e-01
5.8293165667218405e-01
5.8889405820022023e-01
5.9977351828764636e-01
6.4760175126826724e-01
6.8235162104917635e-01
6.2022422341433525e-01
6.8760625866784386e-01
6.7708207209936311e-01
4.9718038033341960e-01
6.1332777369584845e-01
4.9495717530371558e-01
5.9021616117921194e-01
5.0451065881308665e-01
4.5426420164099124e-01
5.8624816576215411e-01
6.3250947285350845e-01
6.2137111834174874e-01
5.7915954618625098e-01
6.1814653353268734e-01
6.1201662751985142e-01
6.8255865632195534e-01
5.7745902194713816e-01
6.6193679731911648e-01
5.9707749900928198e-01
5.1790540986552336e-01
5.0144814708866747e-01
5.8387468331587422e-01
5.7622239945093312e-01
5.7376568503458658e-01
6.5294658186223054e-01
5.8979937749334210e-01
6.3071029916989940e-01
5.5323691387535900e-01
6.2700371929669008e-01
4.8488076259204044e-01
5.7907186952316003e-01
6.0063281876055175e-01
5.3123183435621757e-01
5.8359210173176412e-01
5.3020386169655309e-01
5.8232956042923667e-01
6.0276521664161675e-01
6.1563296040910886e-01
5.9337817898634149e-01
5.6171454581201608e-01
5.9040120417001962e-01
6.0439685681043909e-01
5.2417916219246219e-01
6.1904038788057503e-01
5.7902789990621628e-01
5.3696125521692539e-01
5.6165837859412437e-01
5.9608993436835822e-01
4.9383025330918551e-01
6.2244291442895017e-01
5.1995166305477480e-01
5.8766547864732532e-01
6.1240036321060720e-01
6.5781722834819412e-01
6.5165609005722347e-01
6.5347457584684265e-01
5.7047139589758644e-01
5.9684340952656390e-01
5.8374121113126010e-01
6.8573853894924708e-01
4.7110723235245655e-01
5.9438112345350413e-01
5.8748835908271235e-01
6.6685311255989466e-01
6.8480363879439687e-01
5.7971495748225166e-01
5.7790701672486833e-01
5.7636202364657763e-01
5.5135854326084910e-01
6.6414285615975455e-01
4.9732724632733105e-01
5.3033386015697004e-01
5.6082028810735973e-01
6.1048622160454691e-01
6.6360592962673648e-01
6.0481259592852099e-01
6.9927216812215387e-01
6.3366542356559130e-01
6.1102921390509191e-01
