נטעונטי נאבבסא N=1000 N(0.0000,1.0000)  n=10   =100
0 1000
2.9732011641460626e-01
1.2424271284586554e-01
2.9192243976534865e-01
8.0411091027620701e-02
9.2604794638267054e-02
1.1990194803028614e-01
5.1474464771747823e-02
2.0320803744269919e-01
1.8961643080630677e-01
1.5867256667183063e-01
1.4630062839158517e-01
1.3063490172459333e-01
9.1144944239485062e-02
1.4913245794865168e-01
1.1276439476350462e-01
1.1308488705416321e-01
1.1407737663562535e-01
2.0171903037794894e-01
7.9232498904029142e-02
9.6245161603227575e-02
6.6477130644700774e-02
3.0757310712349883e-02
1.4304856627330576e-01
2.0748042339218264e-01
1.2410830049018963e-01
4.5674050912373532e-02
1.7324702912404871e-02
2.0129779417396959e-01
1.0534844332003669e-01
1.7726652142388127e-01
1.0580177736847257e-01
3.9555042003352148e-01
2.9937867767964982e-01
2.0110201628627336e-01
1.2162886935162333e-01
1.8981580601763426e-01
2.3730521806566449e-01
1.6986501480712093e-01
3.5011790680494104e-01
8.7070493501278629e-02
1.7149882354523979e-01
8.7533187049846500e-02
2.4871277653049059e-01
1.2449644939138321e-01
1.3398761567046763e-01
9.5627545102579953e-02
3.6750462949331392e-01
1.0206955092002151e-01
2.7329252118740927e-01
1.7761478713597767e-01
5.3393946470528579e-02
2.0167210916711270e-01
1.0120211167393318e-01
1.5800976087212026e-01
1.7065892796886384e-01
2.8811416251093952e-01
1.2416750365201296e-01
1.2757658576081782e-01
1.0349108120264719e-01
8.5218080486072989e-02
1.8062661444893205e-01
1.0344931111831214e-01
9.2351718799922308e-02
1.2385350236907280e-01
2.2058328224894672e-01
1.4117804807191883e-01
6.4678664854401893e-02
9.2725611301055416e-02
7.1582577531244376e-02
3.3861228910078967e-01
1.1274398858355950e-01
8.7866856535321988e-02
1.1094903786167233e-02
1.8418120785331177e-01
2.5145035460734444e-01
2.4369866340530111e-01
1.9674793468370252e-01
2.5313750358334142e-01
2.1146206284131405e-01
8.8303721878857502e-02
1.6143409678472671e-02
2.0564716976757652e-01
9.2033016628829553e-02
2.4889800847054264e-01
2.0158365936016479e-01
1.1137261394441092e-01
1.2830822316254925e-01
2.2290899541711848e-01
3.6918497711331655e-02
1.2935327125093213e-01
1.8984060172879177e-01
3.6575452495198491e-01
2.4723259047452012e-01
1.3295426549999828e-01
2.6758531624736492e-01
1.5985287877972981e-01
2.9093670171247704e-01
3.2963424642562195e-01
8.5522057061142173e-02
2.1087278006100246e-01
1.6940624979195268e-01
9.6845358990932703e-02
2.0139079265784904e-01
1.6919445964777782e-01
7.6285609659597658e-02
7.1751307842424353e-02
3.1804604857674174e-01
1.8766363135223674e-02
2.6037840700944137e-01
7.1614777414226560e-02
4.1440577776258626e-02
1.4833584488356513e-01
2.3382367624244441e-01
2.0433943774259911e-01
1.9363722282592186e-01
2.0596823480403714e-01
2.8038106297563464e-01
5.6858563122416828e-02
1.1918541134226106e-01
3.0051594779081403e-01
2.6586086947330662e-01
1.2436523886794446e-01
1.3768614220919087e-01
2.2195431258796708e-01
6.5666611910938671e-02
2.3133374972079015e-01
1.9453619309327105e-01
8.7199191378698221e-02
4.5386531543503209e-03
5.5003889567922667e-02
2.6416574640402957e-01
9.7928356172984662e-02
2.2747532449918464e-01
2.4420547044091478e-01
3.3893700641760410e-01
2.4931391812269899e-01
2.8531842022797005e-01
3.2701728127791041e-01
2.0643865618891416e-01
2.4807150921678600e-01
1.7621717083257393e-01
1.8237334406259886e-01
7.8885719157785847e-02
4.9991870387522730e-02
1.6991095941978110e-01
2.2358293529914447e-01
8.4556470945900186e-02
2.7374502760343095e-01
3.7850065947310579e-01
8.4240585738987420e-02
1.3415198543535622e-01
3.3051790158565303e-01
1.3544722022763137e-01
2.5428784607085697e-01
9.8107065482795117e-02
1.6020290030686496e-01
1.5755920027442613e-01
1.0128399371872915e-01
7.0082070661826923e-02
1.6725862667659860e-01
1.0359394189581951e-01
1.0039000928679749e-01
8.2873318708414620e-02
1.1115743749836113e-01
3.0451680356649791e-01
6.2232973191608421e-02
2.4992525758563378e-01
2.3246396628108248e-01
5.0881459803516521e-02
9.2081754208479916e-02
2.4527890433734942e-01
2.1878228069502892e-01
1.7000089727568835e-01
1.8350889803726436e-01
8.8373255580963109e-02
4.3346368364879033e-02
2.2319418881793324e-01
1.2536461921801467e-01
9.8026375190194012e-02
1.4180913234496417e-01
1.7279985574126766e-01
1.9044077558701794e-01
2.4172692057365200e-01
2.6034982021369363e-01
8.5763350861838381e-02
8.2095524302344514e-02
1.1785860828339592e-01
1.5708939945394940e-01
1.4048088545249052e-01
3.0133707675455840e-01
1.8474358461212970e-01
1.3354100160494714e-01
9.3013083052754367e-02
5.2576630841530338e-02
2.8871864112177370e-01
1.1495595801595183e-01
1.8863439118350681e-01
1.7690462621123837e-01
2.1383179524390075e-01
8.4927363532817601e-02
1.3983859121211320e-01
2.8636833346238605e-01
1.5514047215276333e-01
2.6243225031454165e-01
5.0680566685354901e-02
1.6848035633804057e-01
3.4103672809492314e-01
1.0930479907077906e-01
3.0334257069131160e-01
1.5953414562798179e-01
9.4111372013470418e-02
2.6571947934123896e-01
1.5394445748401001e-01
2.6588087202932398e-01
2.6378432974115734e-01
2.2765108822044691e-01
3.0182046119372002e-01
1.8253417963009433e-01
2.1470265131656069e-01
8.5412228868800344e-02
1.1911410455567864e-01
1.9698557689666585e-01
8.6120721222396460e-02
1.8160678224520127e-01
2.4365384163631218e-01
2.8067734047877391e-01
4.0399685895319261e-02
1.0552884940215095e-01
2.6748958147278573e-01
1.0022608906413413e-01
2.3119962760288111e-02
1.3123493473872611e-01
1.7561150152449456e-01
2.5527449908204441e-01
1.1853368612998869e-01
5.5810411190636185e-02
2.8110682411940141e-01
2.0795128723568257e-01
2.1211031592562421e-01
6.3107780648089237e-02
1.8974319922049138e-01
6.2859619959346663e-02
7.0657716982261393e-02
1.4083835199440145e-01
9.5176600675938569e-02
2.1508090953901979e-02
1.3654473944761303e-01
1.1847863309739960e-01
1.8832363388377085e-01
2.1769441192009625e-01
1.4858084974407232e-01
1.7439780205335237e-01
2.3905351267667316e-01
2.7744317767417959e-01
2.4138215267362270e-01
1.7555596229645243e-01
3.9100231897549215e-02
1.3931942956547727e-01
1.8025089159940338e-01
2.9657844512852371e-02
1.8426298468378491e-01
3.1717883784897477e-01
8.7744361483698449e-02
7.6272393561608226e-02
1.0387581430232010e-01
2.5262084570654220e-01
2.4022368161398330e-01
1.8711423330914775e-01
2.5742722139761093e-01
1.7174386342792070e-01
3.0659698755584297e-01
2.1202361207488499e-01
4.8982874417525246e-02
1.6138948450311835e-01
2.4536529158006568e-01
8.4170967061684490e-02
2.8851050476807819e-02
1.2947842828807191e-01
8.8054658564342539e-02
3.3935404462019608e-01
5.4457998157986479e-02
7.2233913042305295e-02
1.5144475294973436e-01
8.4207999195329619e-02
2.7227721783308251e-01
1.4480479148204337e-01
4.8682605473327825e-02
1.6770062827926518e-01
1.1604840938499571e-01
3.2307530121486971e-01
1.0362063869901220e-01
9.9054617676488890e-02
2.1315225834514254e-01
4.4543109294329003e-02
1.1806317888003622e-01
2.4606561676056066e-01
1.0647509703697582e-01
5.3992914269810136e-02
4.8257675360900108e-02
1.5253528255438903e-01
1.0166128294527445e-01
1.3863231539044432e-01
2.6574817388850630e-01
2.5653949116166697e-01
1.3823157529547792e-01
6.8862557636664157e-02
1.7716593985800472e-01
1.1632948137737120e-01
9.0609183849337277e-02
1.5725254502122349e-01
2.7144429887962634e-01
9.8572751369256681e-02
2.1056253896311075e-01
3.1466099761932836e-01
6.5509308645316788e-02
2.3632917044057608e-01
6.5282388637258659e-02
1.4721765488169861e-01
2.2856797895070102e-01
1.8977338203719923e-01
7.2495634980548548e-02
7.9313676226340696e-02
3.5268056007874965e-01
2.2804118991274841e-01
2.8350160702616778e-01
1.0727109886186256e-01
3.4013113034896562e-02
1.2646367773064848e-01
1.1894053269718532e-01
1.6480309834684428e-01
1.5891095867734736e-01
9.0587986927899752e-02
2.9357364017954524e-01
1.4165154085574094e-01
1.3365476777471927e-01
7.2333151672850635e-02
9.1853468933102811e-02
5.5415898933293878e-02
1.0207434685835233e-01
1.3818153431487604e-01
1.5592645712253020e-01
6.5149055290451410e-02
8.8141116060429459e-02
1.7844458797332402e-01
1.6312706582344086e-01
2.7053294951364415e-01
9.8742322796037479e-02
1.4871516768202350e-01
5.7501181467691759e-02
1.9896808991551478e-02
1.0207023050995404e-01
1.2438923193398825e-01
1.2590269642919333e-01
1.7455620499001853e-01
2.4764988460162810e-01
2.5283896274209566e-01
9.1881831601062294e-02
1.7017014433866565e-01
1.2789991501884929e-01
6.9217782643465606e-02
1.3869052762733550e-01
1.2837095857027828e-01
8.6390844278308107e-02
2.8377290818211748e-02
1.6233713230113864e-01
2.7555577804175629e-01
1.5133809096441789e-01
1.7026861980879154e-01
2.1290477074626568e-01
2.5042898105512151e-01
2.1478750380983469e-01
1.3362712012411021e-01
1.0727389212859942e-01
1.7227533874604831e-01
1.1261088034343299e-01
3.0792125992190994e-01
1.8552022597215276e-01
1.6670753610265604e-01
9.6226190915531279e-02
5.3178922528212290e-02
1.2293359679862396e-01
3.1679755361622619e-01
1.1023729476455998e-01
9.5185059059025870e-02
2.2052135473795445e-01
9.6265914028124178e-02
5.9022876531849323e-02
6.3189403256927151e-02
1.3619299680060029e-01
2.9306993092857714e-01
3.9941210570311504e-02
1.3343624506265392e-01
1.4867659091980356e-01
1.6215298186689317e-01
3.5231059713823643e-01
1.1426848937661511e-01
2.2779638235328276e-01
2.5186073829943245e-01
1.7068901315597840e-01
2.2228495182804642e-01
1.3389605886535436e-01
6.7329120925585725e-02
9.9542682515178657e-02
1.5112904499847057e-01
1.7782520386243408e-01
2.9574148713264686e-01
1.8523015609789573e-01
7.8226511229570125e-02
4.2839391540069931e-02
9.4869406283896424e-02
1.0218402406914116e-01
3.6135433733845390e-01
1.5153649461065050e-01
8.6939196174115260e-02
1.4095176780648569e-01
3.0618825890882512e-02
2.1907378623729243e-01
1.1580495726361745e-01
5.9045303361828658e-02
1.7682560967811356e-01
5.1046074974850281e-02
1.5285587422638300e-01
1.2763836489590139e-01
2.4270259053396279e-01
1.0849292714760106e-01
2.7600816098567621e-01
1.5163230379188275e-01
1.8317048681090503e-01
2.1166971886166530e-01
1.6242389977391875e-01
1.3499339085866729e-01
2.3663378728834292e-01
2.9556696695651113e-01
1.0463975481213818e-01
7.9797446703545424e-02
1.2180195695446526e-01
1.1800724826111027e-01
9.5665151345871641e-02
2.5225930660380175e-01
2.4252997466346451e-01
2.5458080436321623e-01
2.0395891299058039e-01
2.7580798371243553e-01
8.4725808130777056e-02
2.0274741621906753e-01
1.7387131510422310e-01
2.6955382196821742e-01
1.6619623499381753e-01
1.0092701600356807e-01
1.8039097462510167e-01
1.4032475859733487e-01
1.4506882062440979e-01
1.8677664805771013e-01
1.9379267165457842e-01
1.0824277141612042e-01
1.1562340615292860e-01
1.4038275837119177e-01
6.9219259653479442e-02
2.0972210680946035e-01
1.9306450869130276e-01
1.0840228616920750e-01
1.3973181839538532e-01
5.8279355367671565e-02
2.5879052882598835e-01
9.6174609862121507e-02
1.7786499493314878e-01
1.8558520815046886e-01
1.6916744845302531e-01
1.3061335455660100e-01
1.8338172594313545e-01
1.2064740685398918e-01
7.5191138658955339e-02
2.3774499803531574e-01
6.0443078662542331e-02
1.7314628501757071e-01
2.3117223802083903e-01
2.2242514267673186e-01
1.2484019081447423e-01
1.1424845141442358e-01
1.9995520084570179e-01
8.3215687539741817e-02
2.2079650217487157e-01
1.2843028147752314e-01
2.4495573094016138e-01
2.4493350926265306e-01
1.3899884675375676e-01
1.1669020603603829e-01
1.4226921842455412e-01
2.4947183022834274e-01
1.3966685400530715e-01
1.5420754408591789e-01
1.3256218018167826e-01
1.9005489844619275e-01
1.3488616424850730e-01
1.3714269602186716e-01
3.0290459011841736e-01
1.3129599425433561e-01
1.1876501257456663e-01
9.6554774898821888e-02
7.0818176818713219e-02
2.0062838407013986e-01
2.1694979837532424e-01
1.2338741602159897e-01
1.5373034449475753e-01
1.3521552329168887e-01
1.2777878233040890e-01
1.9704412378385797e-01
1.3848623262982049e-01
1.6615067311566867e-01
8.1887661691626173e-02
1.4729014667303802e-01
2.2052324701632889e-01
2.4907095110686875e-01
1.8836461698752233e-01
1.4135098032196972e-01
1.6755687170559860e-01
1.6268971536304097e-01
1.8578372022019535e-01
1.3844077454971843e-01
1.1434961527881649e-01
1.0571386786026592e-01
1.3202224513234467e-01
2.1040692517903770e-01
3.3108333677477692e-01
1.4251273724603228e-01
2.9098275645151161e-01
2.0830787671964518e-01
1.9320245784749479e-01
1.5086560723134226e-01
1.2682661502615408e-01
1.1814689080974622e-01
2.5537084606115268e-01
2.0215979695331565e-01
5.8596223772611811e-02
1.4684543383720017e-01
6.9067075089712021e-02
8.7024258315568717e-02
2.0689216865312465e-01
1.7569937632934654e-01
1.5639447170418583e-01
5.4651915614081864e-02
1.4241007408250256e-01
1.1560191498055047e-01
9.4455367185906927e-02
3.1186402795061158e-01
8.9971250972469538e-02
1.2957441645018175e-01
1.5762824596796263e-01
2.4055447267043695e-01
1.9469051908831489e-01
6.5866471872457102e-02
1.3259038674089088e-01
3.1944270009416860e-02
6.1934699119017632e-02
2.0456361026816275e-01
1.7683288327858587e-01
2.6674393199378554e-01
6.6436104355026684e-02
2.9633302710496018e-01
1.2775996573672177e-01
2.3433297460244690e-01
9.4358919338474109e-02
1.7332102831477503e-01
5.6427452760437258e-02
4.9111171652743910e-02
2.3695806110210127e-01
9.8129539515613873e-02
1.8680095483941159e-01
2.3728078625252913e-01
1.8471160036679213e-01
1.7303876780442717e-01
7.6925273421442231e-02
4.3083927109042484e-02
1.1152984470205105e-01
7.2879283254714183e-02
7.5149229790962266e-02
9.6078943450323764e-02
3.7897739998580998e-01
1.7923543291997088e-01
2.3862710345457899e-01
2.2783833147855644e-02
1.0382533914177773e-01
1.3103664014740468e-01
1.3052463023447086e-01
2.7135369212920546e-01
1.9022999724144130e-01
1.9387043328801243e-01
8.1172553386511623e-02
1.2034412720582352e-01
2.2097681589932566e-01
2.4406558677804438e-01
1.0409546182342584e-01
1.7833562349995385e-01
8.9541379856129921e-02
1.3778817439738908e-01
1.4538495976306284e-01
3.4907435449717938e-01
4.8818443137803223e-02
3.4220107969570118e-01
1.6904598741490581e-01
2.0391079987681493e-01
1.6518179053627569e-01
1.2041544091110902e-01
3.1692145824800816e-01
9.6925884339067014e-02
1.5738426878538947e-01
1.7873618343837586e-01
1.5700144637247140e-01
2.4510969233750504e-01
8.8020629811731782e-02
1.1376549313203306e-01
4.0208556263370188e-01
9.0477112427456596e-02
1.3846529676175662e-01
1.5177382459243846e-01
1.3467612563105336e-01
1.2534642460725393e-01
1.5593277485808252e-01
8.4351071659588425e-02
2.0039438293865816e-01
6.9760001176748465e-02
2.1914020213521385e-01
1.1737989661989205e-01
2.4773545936371047e-01
2.0620173445946910e-01
2.3291520466733609e-01
1.1367564600412540e-01
2.5258914172063329e-01
2.4153746765497284e-02
1.6362638048616560e-01
1.7298880997647662e-01
1.0452939762090742e-01
6.4523561599286766e-02
1.0386062190398078e-01
2.7958361908484951e-02
2.1415564304206766e-01
5.5485822813171035e-02
1.6671436388706332e-01
7.8361233250192813e-02
2.5113105156824750e-01
4.5029959474070833e-02
2.6661432480063640e-01
6.1841008242664017e-02
2.0407774318704669e-01
2.1533980033320949e-01
1.0036033921431387e-01
4.0465074959084205e-02
1.5908671550297623e-02
1.2164130214361744e-01
1.2832150244754825e-01
9.9661271036821361e-02
1.7820420130602702e-01
1.0523616115817994e-01
7.0162738940483041e-02
4.0172685897316590e-01
2.4729500033548743e-01
3.4417909543631681e-01
1.1647904909497026e-01
1.3073395913095654e-02
5.6232030870445877e-02
2.2850940964876051e-01
1.4571289321654224e-01
2.9624040333933882e-01
1.4805989320438182e-01
1.5939381692019280e-01
1.1049173485419227e-01
2.5944158332084682e-01
9.5678055558034922e-02
2.6594784755082662e-01
2.4050969841734460e-01
2.0484856647154792e-01
1.6012129777266440e-01
3.4201813053336944e-02
2.1652608594689143e-01
1.7145725181864535e-01
5.6900353886299375e-02
1.9708394925837827e-01
3.3053267110584111e-01
1.2642960858523189e-01
3.3370188137052348e-01
1.4622909148512417e-01
1.5798476329184691e-01
7.1847174173485351e-02
1.4136921015839071e-01
1.3766943177651342e-01
1.2983616740180851e-01
1.2848791640652577e-01
2.6689000419637948e-01
1.4716221473737118e-01
1.4416111354433331e-01
1.4356981866516741e-01
1.0400269543079778e-01
1.1261666931345111e-01
8.6623523130420724e-02
1.5334760452345819e-01
1.9920259078013344e-01
1.6915078098680977e-01
1.4947978307673149e-01
1.3807068680527326e-01
1.7359055460568953e-01
1.5608854948138604e-01
3.3672902634536983e-01
1.2590858955906314e-01
1.5112343467575287e-01
1.8984480929899664e-01
9.8350537989775014e-02
6.5372058025604418e-02
2.4921796636012278e-01
7.9286562966057281e-02
1.7315487028783094e-01
2.6312055859698230e-01
1.0813983326102292e-01
1.9524424126143541e-01
4.3205445908867449e-02
2.1939284349195876e-01
1.7121446546867419e-01
2.6354694428323366e-01
2.0590326860119895e-01
1.2620698882049863e-01
2.0618756961978676e-01
2.0504154473853317e-01
1.7118378905159673e-01
2.4517921319566177e-01
1.1046118772685719e-01
1.4953692901623492e-01
7.9491028141516235e-02
2.8341382444037488e-01
1.4346611380312602e-01
5.0350304068559761e-02
9.6148315956954292e-02
1.2237263471106535e-01
1.5073311784892859e-01
8.2247259707132730e-02
2.1904668166811282e-02
2.2778404598266067e-01
8.3093031766795417e-02
1.8571213004515535e-01
6.6755204280241523e-02
8.8560533813279330e-02
1.1959803906409079e-01
1.9238250823890080e-01
2.3051092710957177e-01
6.0367939336332617e-02
2.2313337909975578e-01
1.3422471054811325e-01
1.4273705756692173e-01
1.7900591622652315e-01
1.5288401356655795e-01
9.7920368819505998e-02
5.9949080820370065e-02
8.1283177427034267e-02
1.2702001562561313e-01
2.5188879326260816e-01
2.7696309883016107e-01
3.3666491041325625e-01
1.4761580286987216e-01
5.8082878798987020e-02
1.3740266645499394e-01
2.0301356847469820e-01
1.6600652635817917e-01
2.0393489192931369e-01
1.4000202590714794e-01
1.4679442769195797e-01
1.2833534054706092e-01
2.0554129828728968e-01
2.0157211452948928e-01
3.0142251984404073e-01
1.6355517774460146e-01
1.9774452558525890e-01
1.4100997922008454e-01
2.2853871575970128e-01
1.0774168463928713e-01
1.3183674071814017e-01
1.5119335341870030e-01
1.3814862191597932e-01
2.1292460741634586e-01
1.4453420359005234e-01
3.8342018148675938e-02
1.0293458327182735e-01
1.5092974004726550e-01
1.4199280340197196e-01
2.4089148036803676e-01
7.8705719210188776e-02
1.1618157826631159e-01
7.1168985366075951e-02
1.3803108370823319e-01
5.7076206054662328e-02
2.1613443226147697e-01
2.2738528783475620e-01
9.6394790335710814e-02
2.1194827765067634e-01
1.1956300939980766e-01
1.1806648184976122e-01
2.7067629912068220e-01
2.3468197343544142e-01
1.8253122412662617e-01
1.0096436643810763e-01
1.0004069841550274e-01
3.1296283095152372e-01
1.6125296617862431e-01
3.5982803209640157e-01
1.2355700802913924e-01
5.7739081395903072e-02
1.6179432987671219e-01
1.5188074946863309e-01
6.9783206094399738e-02
1.2235039466258087e-01
3.3106059617509809e-01
6.1558563098600992e-02
1.4288134795117885e-01
1.5816008562898254e-01
3.8894119607983432e-02
2.4036177088275626e-01
1.6338629221825313e-01
1.8551254570571749e-02
2.7444205532180510e-01
2.4843990085009152e-01
3.6905812830184931e-02
1.2065579245585510e-01
2.8767527883261990e-01
1.7940593219697251e-02
8.8489152845107791e-02
2.4878835978514516e-01
2.9226274039289041e-01
2.8356837765511850e-01
7.5859611263315668e-02
1.1929088959213041e-01
2.4290690836354384e-01
7.4302082772512268e-02
2.5229798784349128e-01
2.1058067252785090e-01
1.7281188810562340e-01
1.2796531545327020e-01
1.0707774154807510e-02
1.3381517699423520e-01
1.2895254037523468e-01
2.1269386333685475e-01
2.5447787591280491e-01
2.4009080676268243e-01
1.1566051571348346e-01
9.7503503533444794e-02
1.6062559614080568e-01
2.1397340065203649e-01
2.8903658052583198e-01
6.4643666267617514e-02
3.5831531385981524e-02
3.3413605474861047e-01
3.1396943720584514e-01
1.0970851034631535e-01
1.4842232034253933e-01
1.8281087077657876e-01
3.5814347112559035e-02
4.3868111883967983e-02
1.1595050421771547e-01
1.3734546256014724e-01
1.8659848072511964e-01
8.6767210392114200e-02
1.2626343393807213e-01
3.4807809904290006e-02
1.3590159540151406e-01
1.6540864300919986e-01
1.6225135015959116e-01
1.6980600954961539e-02
2.6765248390811369e-01
2.7206329695022863e-02
2.3196097609729882e-01
1.1197856312995534e-01
3.3605994696934921e-01
1.5855082683372207e-01
3.7487789222727341e-01
2.9830313174011386e-01
1.3292129913148565e-01
2.2409115320242506e-01
2.5826724229544468e-01
2.8515897441090871e-01
6.6533817323904121e-02
1.3398221901356544e-01
2.8971079271684269e-01
5.7809500002557856e-02
3.3348970228935315e-01
2.0015562027705919e-01
2.9919393264397526e-01
1.1085350163031105e-01
1.8093828212155583e-01
1.2698007705046049e-01
1.6195076801356123e-01
1.5426330658526599e-01
6.3476695676541101e-02
2.6782880883285681e-01
1.4612587401418226e-01
2.6859105373317027e-01
1.2352728508771568e-01
2.2769351441060298e-01
4.5959029872883909e-02
1.7075849271491617e-01
1.1422490704723724e-01
8.8707884457845956e-02
1.4731507890402226e-01
1.6046158106503131e-01
5.5592577077910647e-02
2.8724375064941028e-02
7.8980130469537058e-02
2.1142609757388608e-01
2.1698737696597689e-01
1.4012256687421390e-01
6.4625669640884481e-02
3.1975416469415058e-01
3.2065477490495944e-02
4.4600854420699380e-02
1.8352498603552744e-01
6.5714110054921157e-02
2.0975038297429410e-01
7.1316065033545276e-02
1.2066341615976457e-01
1.6035094320411361e-01
1.8445766889651183e-01
2.1312093085654787e-01
4.8474955587354741e-02
6.4036598632078501e-02
2.9369516779099764e-01
1.4368535692122489e-01
1.3416703656562498e-01
2.4527379038124905e-01
2.8520821868739293e-01
2.5832400571269787e-01
6.4197460048952909e-02
2.8611329805252356e-01
1.4931917687494395e-01
2.4653515369446294e-01
1.7170723352012535e-01
2.8196512086280368e-01
1.7674159684738702e-01
3.0966672245505050e-01
2.0994430295588057e-01
3.1957097751575753e-01
2.3969922998263285e-01
1.4161556576524342e-01
2.1557259203077830e-01
1.0215624298630339e-01
5.4606810843156960e-02
3.3945567836809154e-01
1.8258232437728109e-01
1.0474080085641421e-01
1.5905255918330763e-01
1.4421814186933890e-01
9.4648845593844774e-02
1.3591272783404421e-01
2.2054652956758400e-01
1.6283720863370238e-01
1.5257076068374223e-01
1.4417872447838181e-01
3.6822409722693145e-01
1.0510647532632153e-01
3.3219457723126311e-01
1.1423837194759272e-01
1.4443391530814431e-01
1.9280433207946376e-01
1.8836298771695539e-01
1.4841958574565334e-01
2.1883246800080805e-01
1.5370184286178379e-01
1.9008659846982967e-01
6.0690881298681672e-02
3.0717616284891108e-01
1.3013754915739675e-01
1.9475367785806341e-01
1.8100334105693944e-01
1.8773169665014119e-01
7.8406947096049964e-02
3.5477113039159430e-01
2.7023918500472900e-02
2.6307015838247760e-01
2.4574871599647295e-02
1.8614622027552605e-01
2.8032842505235589e-01
1.1238447236370050e-01
9.2627597198465805e-02
2.1009973369817742e-01
1.0739913689909487e-01
1.7150439112594210e-01
5.4877698590638666e-02
1.4727487996295943e-01
2.1710772947948950e-01
3.7508035357603359e-02
1.0386796602687892e-01
1.7684161403066781e-01
1.9006549770433045e-01
1.8281416498478961e-01
5.2115372855163294e-02
2.3311148063006398e-01
1.6408504059125625e-02
1.9259390522214098e-01
1.4635828911787427e-01
2.7624626465492247e-01
3.1758633609238024e-01
2.4335151381612385e-01
2.8888044523689527e-01
1.6184684546289480e-01
1.0801714110700569e-01
2.7129678344222380e-01
