נטעונטי נאבבסא N=1000 N(0.0000,1.0000)  n=50   =100
0 1000
6.3861151391514959e-01
6.2925284048646490e-01
6.0756687590089775e-01
5.8236481749527935e-01
5.2601592516368345e-01
6.4062167649436852e-01
6.5738865410590297e-01
6.6179203876367365e-01
6.6002281696408260e-01
6.8272137560336021e-01
7.5039390811416373e-01
6.8925838133257378e-01
6.4225792982074326e-01
5.7824481670634276e-01
6.3849044007881550e-01
6.6650253190975295e-01
6.5220244184230447e-01
7.0234023719424243e-01
7.2096920581779633e-01
7.0684153938324801e-01
6.3751704907287221e-01
6.5285596133421231e-01
6.7645003945769133e-01
6.1405467615482567e-01
6.0747553250478536e-01
6.5714574988936336e-01
6.5056047594730393e-01
7.2236137797933664e-01
5.4206040914393439e-01
6.7453634096320314e-01
6.7188426081678476e-01
6.4626602356823715e-01
6.3152514070609367e-01
6.0618746642974364e-01
6.4877453113152972e-01
6.3422748310853572e-01
6.4825951305857421e-01
7.0493431258249706e-01
6.5159543537158959e-01
6.6638007035549163e-01
6.5744913050907161e-01
6.5093466485778839e-01
6.6744537192541575e-01
6.7985724843173734e-01
6.3389490686654981e-01
6.9425421768120621e-01
6.4864574610091297e-01
7.2780463281698404e-01
6.0296053120251991e-01
5.3706460595284933e-01
5.7461617964564204e-01
5.5381253434408417e-01
6.4168686763815641e-01
6.4886899560098699e-01
6.8528238520433937e-01
5.4911877751159377e-01
5.8674102950719464e-01
5.4119889125700749e-01
6.1638561932405167e-01
5.9387035494048335e-01
6.8238913147195324e-01
6.3918746308099095e-01
7.0060530880182692e-01
6.9078337302693305e-01
7.1484413085960785e-01
6.5768617163247434e-01
6.7175617496125606e-01
5.3595036934610341e-01
5.9456067118418077e-01
6.0600027605763285e-01
6.3063778404146287e-01
6.4217868060772410e-01
6.3458587643966180e-01
7.0481640865240713e-01
6.3190148911868205e-01
6.0899421231497008e-01
6.9494488710468905e-01
6.4737689686337274e-01
6.5153701431311595e-01
6.8025337001417618e-01
6.6781601280335889e-01
6.4264834366562407e-01
5.2411731377898019e-01
7.2119566056037920e-01
6.3526959613357359e-01
7.3018830224366305e-01
5.9500126959499422e-01
5.7486861187366778e-01
6.5035366651349169e-01
5.6594425649234981e-01
6.6419384747742738e-01
7.0131148131106724e-01
6.3501115414826836e-01
7.0185279795299738e-01
5.6443243326905379e-01
7.0598827074434056e-01
6.6216833379059969e-01
7.0143303149895231e-01
6.6367109718662487e-01
6.9214957975436919e-01
6.3003787605464812e-01
5.6512199332389501e-01
7.3337811636415473e-01
6.7381328376603067e-01
6.6243754846363156e-01
6.5109982928986987e-01
6.3069139450783207e-01
5.8465667680969446e-01
4.7940582445322061e-01
6.6348641404118158e-01
5.1680106250829860e-01
6.4462531199069140e-01
5.8434505113724711e-01
6.0056176377692017e-01
6.4437640078314662e-01
5.9246014907909261e-01
6.6250983109165429e-01
6.5718502670724577e-01
5.8482578298960319e-01
7.4081873388947561e-01
6.0543475018737158e-01
5.5217632088951618e-01
7.1937060340230963e-01
5.5067004969406386e-01
6.6341261945443186e-01
6.3110692639021804e-01
5.9405990562155042e-01
6.4441467090730076e-01
6.7488019899317953e-01
5.6206463387765560e-01
6.3870239424657782e-01
6.3910841803521101e-01
6.2014787857820519e-01
6.7928231473910650e-01
6.0399006823743895e-01
6.0993947337979693e-01
7.2413467507906959e-01
7.1105250145897059e-01
5.5273543653162505e-01
5.9695566485204477e-01
6.2431866197469554e-01
5.5354251569271729e-01
6.5107334364544345e-01
6.5901837684404585e-01
6.6471165315904968e-01
5.2521750262588185e-01
5.7907208156819612e-01
5.1624007300388797e-01
6.3673694836002515e-01
5.7919058621524733e-01
6.9778428478673860e-01
6.0797821338927382e-01
6.5901619194166383e-01
7.1025277268600040e-01
6.5274106434154444e-01
6.7866073680601890e-01
5.9272052787309737e-01
6.7402342713817320e-01
7.2953204860662124e-01
6.7492449177407265e-01
6.8032014635304527e-01
6.4681366528094797e-01
7.0668634801077124e-01
7.2922249831403796e-01
6.2116774177741518e-01
5.8031254232977780e-01
6.7444793739462028e-01
6.3137330498756561e-01
6.0374166666296702e-01
6.5496527018525053e-01
5.0943011816432926e-01
5.6361328019175805e-01
6.8119056303277115e-01
7.0010084168525710e-01
6.4160442491475778e-01
5.9116870823682999e-01
6.6843114619594812e-01
5.6166165932743839e-01
7.3300765041444482e-01
6.5724743637976490e-01
5.7670498499275236e-01
5.2140164958435475e-01
6.3509253030761348e-01
5.5054926954333394e-01
7.1449700165096897e-01
6.8691265234171528e-01
5.7992749972980162e-01
5.8642617213417736e-01
6.8570469339286566e-01
5.7554941022746664e-01
6.9202806846863196e-01
7.5045433101650449e-01
6.5685981314341579e-01
7.1158472048561239e-01
6.7880703240450446e-01
6.9909629525714478e-01
6.3815551675681148e-01
6.7954527525590802e-01
5.2099011552862584e-01
6.7006195623217746e-01
6.2099758761164414e-01
6.7593276982252526e-01
6.2796803643088839e-01
6.3896960051155050e-01
5.2054115322142724e-01
6.1795181234413432e-01
6.5768376980166909e-01
6.2090466918585951e-01
6.1692223811263835e-01
7.1928851221040069e-01
5.2156886754769194e-01
7.2729696009532663e-01
6.6499353555080809e-01
6.0733469166154086e-01
7.1397814474762089e-01
5.8375711853471191e-01
6.5430926071147222e-01
7.1728422606944520e-01
6.0949476933839930e-01
6.0386035443867714e-01
6.4313632673477716e-01
6.5393469344248534e-01
7.0441220575491703e-01
6.4549087168492869e-01
5.7249671456901596e-01
5.8064023018040400e-01
6.7299318818110121e-01
6.5721096545449642e-01
6.8394798474894736e-01
6.2376587893217283e-01
5.6142302299132840e-01
6.5872865364628752e-01
5.8580223503506890e-01
6.5375432880995110e-01
6.9495767723080581e-01
5.5375426852473830e-01
6.0292985719129921e-01
5.6330512142379174e-01
7.0159713831665571e-01
6.5138592355890979e-01
6.2199368112272724e-01
6.2385299092864976e-01
6.7353784019637997e-01
5.8494027783029934e-01
4.9044345152026420e-01
7.1159962122093445e-01
6.4519276524131397e-01
5.8375330990258689e-01
5.6671204486189730e-01
6.4426577291997777e-01
5.9289199602497622e-01
6.2057126554687569e-01
6.8566102538228646e-01
6.1511531653278351e-01
5.9631195043498320e-01
6.3655284648413168e-01
6.3703605244993911e-01
6.9740854669477037e-01
7.0925604599240610e-01
6.6990788040178673e-01
5.8860742420278300e-01
6.8566598427234149e-01
5.9903584330769100e-01
6.5650133472492267e-01
7.0519702211706192e-01
5.4164618978616219e-01
5.5187414584743200e-01
6.1968507171987131e-01
5.7592674525822962e-01
6.9995545652752555e-01
6.7541261678831999e-01
6.8988942261023711e-01
6.7025968367324007e-01
5.7229890561985020e-01
5.7813059863897187e-01
6.5412779670201870e-01
5.7990230425675982e-01
6.0200816887425401e-01
7.1712164661241928e-01
6.9052981720509587e-01
6.3604850744695196e-01
6.5575130114087044e-01
6.0709692974692653e-01
6.4605394307929742e-01
6.8093884982282826e-01
6.3106677242520604e-01
5.5097621441188738e-01
6.0254678743077583e-01
6.5379706035325602e-01
6.3416609397071233e-01
5.7806806095629160e-01
5.9800987826043595e-01
6.9536055377028638e-01
7.2569858510917995e-01
6.3538872154082171e-01
7.2985412802253946e-01
6.3667557123664287e-01
6.2434744484574045e-01
6.8995173146400435e-01
5.8643848767886064e-01
7.1594860178697428e-01
6.1238032747007720e-01
6.0403127050379324e-01
6.7583424227918987e-01
6.9891931305239563e-01
6.8289915687027980e-01
6.4979763969970450e-01
5.8614081105481186e-01
6.0733382572849526e-01
6.8110471450081245e-01
7.0570454041009978e-01
4.9900933818772680e-01
6.4769864624608009e-01
7.1443194613613814e-01
6.7306896060741406e-01
6.6383858610509883e-01
6.1157491114465490e-01
5.6337001561945532e-01
6.3298182466060293e-01
5.6464529690206766e-01
6.1212753651060781e-01
5.2786253184326715e-01
6.4123948345433646e-01
6.6048577731637415e-01
5.9806798926000726e-01
5.5963285444073518e-01
6.9922449723928259e-01
6.8521704888106261e-01
6.3087623442159713e-01
6.8902967448662455e-01
4.9275668076482654e-01
6.7575245175710341e-01
7.2678542569130089e-01
6.2746373603132266e-01
6.3325841885356093e-01
5.3692675558191838e-01
6.5915580496054205e-01
6.5130287748111038e-01
5.5492070832554852e-01
6.6896857103258789e-01
6.5050863487981725e-01
6.7852791537525270e-01
5.9581474265649836e-01
6.4408552018504595e-01
6.7723739334194477e-01
6.7147672922819879e-01
6.5427106884336150e-01
6.0178709635001704e-01
5.4096289138359399e-01
6.5579967769251668e-01
6.2900953023543171e-01
6.0055570379369538e-01
6.2403364438547471e-01
6.1885178733049240e-01
7.1924534634526782e-01
7.1426299465873999e-01
7.2428370854053070e-01
7.4636396701675056e-01
7.0294526377743127e-01
7.1944478387053612e-01
7.0586928214368161e-01
6.1043946675519933e-01
6.2708000106818917e-01
6.4493804567162760e-01
6.8026332084064567e-01
5.8597308293486361e-01
6.1656492008321462e-01
6.6330453303418047e-01
6.1042946974986800e-01
6.0102132732075997e-01
6.6327908995688445e-01
6.4174484911206242e-01
5.7925317318478031e-01
5.8319976320359745e-01
6.2200188481884655e-01
6.2447195966368019e-01
5.7442027953799979e-01
5.9383522901865082e-01
6.3799935802674068e-01
7.1669586112285577e-01
4.9648347424476541e-01
7.2778662246949455e-01
6.4045221380693051e-01
6.6676664251858697e-01
5.9224743149272507e-01
6.1881095029465261e-01
6.0991329100683256e-01
6.9622577173938127e-01
6.2297096070599967e-01
6.3150450370558509e-01
5.3776760828771542e-01
5.3127139145751956e-01
7.0800852784660140e-01
6.5455030685012960e-01
7.0358460474061435e-01
6.1495818474690600e-01
5.7874968582462682e-01
6.8676643358562406e-01
5.2209299479384008e-01
6.7987899595020174e-01
6.6743076576804949e-01
7.2673294581476711e-01
5.3377823661091983e-01
7.0973188347290084e-01
6.0567451584122145e-01
6.0362147212340378e-01
6.8349756542048279e-01
6.5094515222858107e-01
5.8772723654138059e-01
6.8379482051633877e-01
6.5122729329817353e-01
5.7992852299180020e-01
6.8043751156961285e-01
6.6524987779847344e-01
6.5635187850456866e-01
6.5199325294849775e-01
6.6651873283698349e-01
6.0269865480725715e-01
6.5478025827066011e-01
6.6112446380560130e-01
5.9562490205958762e-01
7.1755557619294075e-01
5.9702566978719052e-01
6.5031085775288422e-01
6.8281493921531755e-01
6.1447583580971377e-01
6.4512930338704755e-01
5.6713615374011928e-01
6.8567577749762421e-01
5.8735029534164018e-01
7.4560679666752805e-01
6.2422699527804193e-01
7.1709504750997655e-01
6.2445220486270070e-01
6.9244545074611086e-01
6.4412766788744813e-01
6.8012775857448271e-01
7.2005302044659125e-01
5.7327902629151894e-01
6.5672649394691474e-01
5.8310147559601377e-01
6.1483712548641445e-01
6.7535970759986275e-01
7.1039305623720772e-01
7.4226887006970110e-01
7.4858160410784014e-01
5.9703371599458843e-01
5.8429761914846545e-01
6.6033427006448364e-01
6.4108129841638439e-01
6.3892293442169579e-01
6.1681300778481185e-01
5.7930174422302483e-01
6.4762374840884562e-01
7.3887320053254379e-01
6.1331734385943293e-01
5.7595513625343175e-01
6.9568398803926357e-01
6.4897827739695724e-01
6.2998286246044177e-01
6.0362191729269243e-01
6.9193103899308495e-01
6.1633732468566094e-01
6.5345962875818375e-01
5.4891419053758772e-01
5.9831527872971868e-01
6.9525877217803689e-01
6.8669782665655221e-01
5.6981267702301563e-01
5.7119876398201308e-01
6.2760043590567405e-01
6.7679957912938782e-01
5.4758106136836593e-01
6.0475992163029813e-01
6.0517430842440545e-01
5.7991963926318790e-01
6.3112105401872565e-01
6.3383847797577553e-01
5.8009384956914567e-01
6.7154898117714779e-01
6.7733784742060432e-01
6.7822595425382814e-01
5.9300329596014156e-01
6.7726887411378711e-01
5.5757990868496732e-01
6.9824958986809160e-01
6.2562813081905244e-01
5.2326663777018201e-01
5.8637084712250964e-01
5.9970369941398660e-01
6.8338439020867248e-01
5.2767427994726279e-01
5.1904455025865270e-01
5.4432449905737212e-01
6.5052421668171456e-01
6.3777224671487842e-01
6.4999624430786007e-01
6.3855591326625782e-01
6.8590108230941771e-01
6.5769772966085904e-01
5.2488094718927947e-01
6.2300548310275916e-01
5.4640779293434805e-01
6.1003028659086522e-01
5.7199006070706893e-01
6.6299027131847399e-01
6.4464377432128173e-01
5.7735791869887365e-01
7.5901018239487128e-01
7.2438523368672703e-01
5.5226468779644722e-01
7.1061239218224548e-01
6.8306728121833671e-01
5.7452928104838585e-01
6.7924997844669321e-01
5.6592218579042319e-01
7.1291856379356600e-01
6.1557667130146343e-01
7.1625487983328739e-01
6.9050433101242370e-01
6.6044735907999219e-01
6.3372649282339366e-01
6.9042984964668286e-01
6.9900429666840758e-01
6.3540380008256514e-01
6.7135956021256160e-01
6.3403423857995178e-01
6.5522740137999513e-01
5.8558567870966316e-01
6.8327040414410667e-01
7.0032864031621067e-01
6.2042832804162074e-01
6.5696887790478176e-01
5.3659626185265274e-01
5.0407664205769376e-01
6.4775318483196764e-01
6.0933544299069520e-01
6.3265907568475921e-01
6.4138799503813904e-01
6.1822095347948225e-01
4.1104773971018377e-01
5.5243971079532384e-01
6.5448243714787857e-01
6.8027538255126685e-01
6.3066015149070154e-01
6.2902593993136868e-01
6.4035743650978161e-01
6.8535591725195633e-01
7.0933046476019701e-01
5.0649645847824565e-01
6.4826743617265847e-01
7.0428692627595491e-01
6.0945573204468539e-01
6.8704596634920101e-01
6.8855916877629553e-01
6.0051531491622046e-01
7.1014757292310360e-01
6.5890875449745001e-01
7.1314784786158270e-01
6.0861436548697867e-01
5.3467078102375121e-01
6.4592325362562730e-01
6.6002806290170413e-01
6.2487910291023008e-01
6.9219421540627324e-01
7.2297087369251178e-01
6.6287941571823639e-01
6.8591650250357361e-01
6.4391209479300404e-01
6.1381291035026475e-01
5.6351238107681967e-01
6.3359523100942072e-01
7.2521387157244899e-01
7.0412533540970501e-01
6.4147012991705343e-01
6.5774438365923005e-01
6.5353021038936365e-01
5.4659723284328510e-01
5.1685856969520727e-01
6.8753950909221984e-01
4.9101423807504796e-01
7.4989855944949857e-01
6.3092268268655893e-01
5.4482470039317243e-01
6.1057101545753489e-01
6.4836492101341037e-01
5.3255495471509995e-01
5.6805782769209368e-01
5.9829099780472039e-01
6.4788850665834508e-01
5.8262238887473528e-01
6.0220988619639571e-01
7.1327557453650936e-01
6.3521463104729392e-01
6.7025825267465899e-01
6.7552605430664658e-01
5.3434958845036662e-01
6.5892417072907794e-01
5.2854459363268769e-01
6.9189201800012556e-01
6.2327682576879961e-01
6.6564244208986978e-01
6.2271996670457430e-01
5.3291992406282152e-01
6.7741691513392499e-01
7.2587642801755137e-01
6.5748163955588679e-01
6.8762086615593598e-01
6.8848307229681938e-01
7.2301285121255776e-01
6.3159163510412919e-01
6.5303181206270788e-01
5.4105875744047938e-01
5.8915089902034945e-01
7.1129505530848258e-01
6.4308285320318070e-01
6.2443852095086660e-01
6.7455435971164501e-01
5.0437674951043576e-01
6.3745234823399499e-01
6.4578521876255979e-01
6.3694996832576911e-01
6.7782744984961063e-01
6.2897534760929807e-01
6.4463939888513511e-01
7.3880937884055442e-01
5.8231600291219066e-01
6.2979161091229796e-01
6.2345530339482669e-01
6.6768796179883705e-01
6.1175422472233454e-01
5.5052146888919684e-01
6.3349464139687028e-01
6.2888825471423437e-01
5.9875103328000656e-01
6.6253041349568209e-01
7.2125580600345041e-01
6.7058654338459367e-01
7.1154811971736198e-01
6.3875215916153616e-01
6.4762637697386916e-01
6.5086798485920261e-01
6.1981181428905285e-01
6.6227416130040584e-01
5.5471346287587142e-01
6.9041639968389001e-01
6.8721036570635119e-01
6.9681362946487380e-01
6.5179575107929499e-01
6.2475787279396044e-01
6.2296157630402993e-01
6.5707919911443113e-01
6.5671283774812372e-01
5.8527783640282838e-01
6.4949491833641726e-01
5.8165747903859999e-01
6.4583469852259334e-01
6.1046079061475322e-01
6.9295569580155247e-01
6.7417434301652079e-01
5.7127821859475525e-01
6.1718532346985644e-01
6.3666840579613782e-01
5.9777588560863093e-01
7.4309969862010605e-01
5.5584720120600284e-01
6.6696028020598230e-01
6.1188985603917201e-01
5.6377432135380667e-01
6.1676269896784597e-01
6.4759517878369655e-01
6.9372404583881075e-01
5.7409459537656304e-01
6.5212251801286691e-01
6.1348914025163281e-01
7.0184241020966398e-01
7.1898690051476577e-01
5.7751517689083154e-01
5.8504433877428708e-01
6.8049348825534939e-01
6.4000215902353552e-01
6.4820687509206532e-01
5.1825073563099766e-01
5.0803251446452202e-01
5.8300097523791250e-01
6.7452502909186174e-01
5.0282356708857623e-01
6.2754258972282817e-01
6.3521385203399072e-01
5.9930644103212150e-01
6.5924011293568419e-01
6.5244027238992897e-01
6.5329045863109569e-01
6.7428583700518352e-01
5.6613369061796404e-01
5.8459573470123560e-01
7.2815460297295309e-01
6.8445958594516254e-01
6.7022430496619489e-01
5.7673426120507754e-01
5.2274371034013034e-01
6.0542857866528077e-01
6.9993086187487352e-01
6.8020477470535834e-01
6.4093364277683540e-01
6.6792299007679801e-01
6.6900001412760179e-01
6.3554001526820003e-01
6.7954274537769099e-01
6.6092104907083948e-01
5.8137034277457722e-01
5.4431888603802780e-01
6.2206990362026038e-01
6.7726618339538236e-01
6.4606897751356962e-01
5.8122480991667647e-01
7.1577781604896640e-01
5.8770184900188049e-01
5.9132825755701068e-01
7.1131817126338737e-01
6.3805529983772835e-01
6.1323816898490913e-01
6.6785230167546195e-01
5.8877793165444137e-01
6.6360817944963901e-01
6.6854412218688908e-01
7.3825009823424848e-01
6.4284868686452190e-01
5.9943545298233880e-01
7.0932864502862480e-01
6.5715065697680619e-01
5.9846966394766199e-01
6.7923729524755816e-01
6.4830513646272636e-01
6.6949873244021929e-01
6.8391512730909065e-01
7.2717900608308250e-01
7.1242743298783129e-01
7.0607713477974254e-01
5.9705307849448797e-01
6.5876293275182440e-01
5.5330776061995290e-01
6.3086492972404218e-01
5.0661710378168778e-01
6.4832406442896062e-01
6.2331895985560559e-01
7.2029055964252686e-01
6.3080690118146709e-01
6.8683064496272461e-01
7.1058496036872343e-01
6.4381730698201045e-01
6.6085518629242357e-01
5.9924581156001300e-01
5.7441195649431764e-01
6.3538183217337074e-01
6.3871132871479486e-01
6.9998949650377340e-01
6.9659178911206143e-01
6.6487985012178863e-01
6.6936169249617661e-01
5.7639337898092613e-01
5.8666839816158312e-01
6.9748254586454517e-01
5.9613323690636000e-01
6.2120654702231559e-01
6.1302131432317486e-01
6.7173552370231537e-01
6.3220813721428648e-01
5.3743273043451412e-01
6.6562741999209440e-01
5.9697623654970633e-01
6.9672645466044947e-01
6.3764045236609823e-01
5.9547964981179224e-01
6.1074381503975617e-01
5.2505125339436209e-01
6.8514629871255173e-01
5.5258399884451659e-01
6.5348742634007306e-01
6.6368306930074694e-01
6.7802570564319153e-01
6.8789732907642376e-01
5.7259093166347341e-01
6.5893435583346693e-01
5.9506830174784786e-01
6.7537258597005656e-01
6.8611867465175080e-01
7.0860073759184294e-01
6.9288787177763211e-01
6.5013221598505599e-01
6.3220521893223292e-01
6.1818867608014050e-01
6.8662381173823406e-01
5.6008845632049209e-01
5.6875326460784381e-01
6.8191608269129167e-01
7.1185648174991856e-01
7.1547040862312317e-01
7.3633244276992571e-01
6.8323418097902611e-01
5.7642767630118619e-01
6.8321997957061598e-01
6.1289770296693846e-01
6.5447080395625856e-01
7.2146918730846055e-01
5.6472610727380423e-01
6.1190601531811972e-01
6.6704461770102952e-01
7.3218027727594781e-01
6.0787323451249609e-01
7.0620971466867388e-01
5.5661025779021467e-01
6.7748237649151954e-01
5.8284474642766571e-01
6.1289408210050711e-01
7.1453347633476050e-01
7.2832788209514843e-01
7.1169674413949080e-01
6.4122721292323970e-01
6.5267948040058976e-01
5.8937020754084624e-01
6.3600008942831721e-01
6.7604749322203672e-01
5.8838915965084171e-01
5.9731785935499304e-01
6.8193568234663593e-01
6.8397992198803381e-01
4.9151896443635801e-01
7.0851753028736508e-01
6.4189203147753582e-01
6.1168409271785595e-01
6.7873024068197996e-01
5.9157619738556111e-01
6.9163828024600404e-01
6.8965151650726342e-01
6.3201841126502722e-01
6.5832531685829965e-01
6.5642190851134086e-01
5.5777558555164342e-01
5.5487464285205734e-01
7.1558948784867571e-01
5.6718905756382398e-01
5.6315867198017899e-01
6.2000499395398878e-01
6.6404317710288163e-01
5.9981295138342960e-01
6.2634234859050020e-01
6.3499133015792486e-01
6.8719908356932946e-01
6.6241561247167058e-01
7.1641396527288559e-01
6.4302100141905061e-01
5.6976868133863334e-01
7.4305480664786494e-01
5.6596413987548511e-01
7.3609045181995336e-01
6.5869922356219168e-01
6.4008516157966300e-01
6.3036680676436341e-01
4.8716562346231446e-01
6.2348680663012079e-01
6.7431439488955702e-01
5.9216392345179214e-01
6.9058007815974076e-01
6.8159744239368558e-01
6.4060782269782812e-01
6.2926855339031440e-01
5.5243711622461122e-01
7.3174896790906829e-01
6.8688902631925208e-01
5.1317625856701687e-01
6.7917419761181008e-01
6.1549613955623872e-01
6.1971218887418289e-01
6.0792081608929815e-01
6.1004840115783021e-01
6.9859958718752202e-01
6.7766137985656316e-01
7.4064224878153928e-01
7.1459862024016285e-01
6.8903694947790906e-01
6.4614330801338327e-01
6.2894870222958299e-01
6.6452966312434358e-01
6.6492167109528988e-01
6.7399230958879808e-01
6.5313515429800384e-01
6.4893931495730695e-01
6.9611616560372136e-01
5.9545312162000930e-01
6.5822422953124127e-01
6.2756031139163593e-01
6.1908792928313094e-01
6.7298160959232611e-01
4.8923287274361166e-01
6.4790358821958993e-01
7.1467670788612336e-01
6.7932478381815575e-01
6.9428569308282984e-01
6.2771703535676959e-01
6.4607582966878063e-01
6.8185488746959777e-01
6.5486092073052904e-01
5.6633606577415230e-01
6.7101226190707530e-01
6.1333670258339013e-01
6.7804494404467808e-01
7.3129889824472405e-01
5.2431205773770939e-01
6.5983042930877556e-01
5.8446445360609323e-01
6.1640106201732869e-01
6.3546219049779840e-01
5.8858189659491567e-01
6.6693168666384028e-01
6.3459138552552052e-01
6.4785473289468065e-01
6.4838184480267691e-01
6.6255896384107382e-01
5.1847862097546082e-01
6.1426257509251347e-01
6.3224717615175718e-01
5.9815392972372650e-01
6.5936209570891635e-01
5.9024579786052289e-01
6.3388014076881860e-01
6.4704938281464575e-01
6.4988731167266145e-01
6.6825449466438724e-01
5.7168572974874432e-01
7.5494079291800065e-01
5.5905599129619499e-01
5.7186084010052529e-01
6.8098305917508173e-01
6.3076223469085402e-01
7.1541571172746932e-01
7.0919833529968845e-01
6.8065143419020713e-01
6.7518946450416395e-01
6.5725741675752569e-01
6.4791335021938468e-01
6.7226049825317202e-01
6.3145874722478612e-01
6.6180340741151022e-01
7.0890534163721031e-01
6.4273435679648427e-01
6.5784140537974267e-01
5.7384294520875057e-01
6.6745286384380631e-01
7.1537224656608933e-01
6.7765863275632454e-01
6.7345358558315938e-01
6.8327680146517211e-01
5.9495478273601876e-01
6.0873587550604069e-01
6.7557185782060081e-01
6.6963838038801815e-01
6.3941421923409925e-01
6.4207453254681535e-01
6.5670883166967697e-01
6.6262496939686721e-01
6.2017117050158421e-01
6.2809403879253434e-01
6.8547615201052470e-01
7.1749403787552457e-01
5.7284728667162166e-01
6.3589003273507061e-01
7.0268865232214250e-01
6.3428897256310857e-01
6.0429717995671339e-01
7.0386491370876803e-01
6.5265607001748260e-01
6.0499227097262098e-01
6.9076373378312961e-01
6.2685749963751924e-01
7.2572791203923415e-01
6.2826989464483174e-01
7.1478904556732825e-01
6.1732210931561415e-01
5.5819438126102594e-01
6.1894119123603031e-01
6.7387535500491902e-01
6.5336515382170357e-01
6.9245734949600379e-01
5.2111701360816576e-01
6.4412361035719412e-01
6.7728217452174266e-01
6.5143914229442013e-01
6.5414717457939042e-01
6.7417523338371432e-01
5.1333465798444666e-01
6.3238787762151671e-01
6.7536537978022715e-01
6.7650443822909312e-01
6.7855833752156269e-01
6.9123634377847631e-01
7.6158986068288825e-01
6.0017811589736125e-01
6.7367883018899788e-01
5.4991533111632829e-01
