Выборка K1000.dat (Подобрать закон)
0 1000
8.8230644673065317e-01
-7.2826795174800585e-01
7.4743634397894482e+01
-1.5191600306325945e+00
-4.3874018129924579e+00
-4.2295433328098087e+00
1.3043689745534013e+00
1.0552471888510910e+00
-8.8552902930104171e-01
-6.6512785209295577e+00
-6.5970908844386633e+00
1.2844792740820661e+00
-6.8895299621420030e+00
4.5522099766283702e-01
-1.3205299176646568e+01
-7.0283146276907447e+00
6.7574601984755329e+00
1.6115087364630778e+00
7.4391344252852198e-01
4.6085711790779058e+00
-1.7520647597253998e+01
3.3980924592732509e-01
5.6444524773420923e+00
-1.3075368092952915e+00
-2.0335693293566329e+01
1.9752830052478385e+00
-4.5166365416662364e+00
1.3973386522844307e+00
-7.4538130357132291e+00
-1.3382884630585008e+00
8.4808928455199095e-01
-2.2990583369201176e+00
-6.2198559934654135e+01
9.2576196239454251e+00
-7.5653831485761946e-01
1.2747261323121588e+01
2.0376418427591025e-01
-2.2069990007430227e+00
-8.4471008930187139e+00
6.5935890118963947e+00
1.6253640714618862e+00
4.0225180441556594e+00
8.6818487957462054e-01
3.7318685454265896e+00
2.8102662048667360e+00
-3.4483129370354244e+00
-2.0491362057514504e+00
7.0904300321851099e-01
1.7730631894545272e+00
-9.2670794311127942e+00
4.6215224129279919e+00
-2.3818765051704788e-01
-2.1059112964017945e+00
6.6331921042586544e+00
-1.1614905512320219e+00
6.0842426827564666e-01
-9.6011376038737839e-01
6.3689702883884169e-01
5.3624461351140100e+00
-4.9045769300823450e+00
-3.0293433978905679e+00
1.4945935965712016e+00
-2.6121886311271436e+00
-1.4258179853767521e+00
4.9687651800561200e-01
-2.1122486691274491e+00
-3.5621159953766783e+00
-1.5207031845030228e+00
2.0258586058293457e+00
1.3860728295842211e+01
2.7670540995794457e-01
3.7270619498924846e+00
8.3656566260521492e-01
4.2632516405598366e+00
-3.7093566924316734e-01
8.3057175071485898e-02
2.9427715859056116e+00
-7.2950221642712665e-01
-8.1075700925611560e-01
-9.3393436322357726e-01
8.2374969403914611e-01
-2.6195967727951857e+00
-2.2834939121028106e+00
-1.5561119918542290e+00
2.1115423582404511e+00
2.4887499284507624e+00
4.0388551050773996e-01
1.7396765433097998e+00
-1.2354455954515586e-01
1.4941602940902743e+00
2.4979898693801665e+00
1.3405152593083109e+01
5.9727619281916331e+00
3.0154876575013998e+00
-1.4529048711780149e-01
-2.5092746252655718e+00
5.5553301409492306e-01
3.0669756259712617e+00
1.7330615491492253e+01
4.2338106886139988e+00
1.8103846029112596e+01
1.0347124108120025e+00
-2.2628398394857854e+00
4.7588714180876895e-01
-9.2775232856751927e+01
3.4398511336608122e+00
-7.8160750782396020e+00
1.2930561259353662e-01
-8.3341435303472289e-01
-5.6816717144372104e+00
3.3844771278463353e+00
3.4685691556824727e-01
5.2171174127964024e+00
-2.9066248797660514e+00
-8.8574010114988901e+00
-6.4187740961808704e+00
-8.5269061630327181e-01
8.9319076073475401e-01
-2.7989826460308036e+00
8.0381687243823685e-01
9.2252542482442266e+00
2.9754362709849014e-01
-5.9920734962061832e+00
1.5275492822523542e+00
1.3849240659585063e+00
6.0604195310455955e+00
-1.0092468677253086e-01
-1.6920969511529715e+00
-5.9263655852788277e-01
-2.4360935800359669e+00
2.2959323090839270e+00
-1.5204962413810236e+01
-3.1665561742025083e-01
1.3040253338140149e+01
2.8476896013203583e+00
-5.6120729081845411e-01
2.6168499890106167e-01
-3.4078608522587137e+00
-2.7932300541015748e-01
-4.9639642549108010e-01
2.7164773927343471e+00
-2.2206033183935951e+00
-1.8016514125064695e+01
2.2237518541242642e+00
-1.9447041784143198e+00
-5.3004872603432240e-01
-7.5176976847896375e+00
1.0611136378959001e+01
3.5477909876655267e+00
-1.7873583216114168e+00
5.8476478129346088e-01
3.1832319327121539e+00
1.2229485916044251e+01
1.9240163746024617e+00
-7.7143110185875174e-01
-1.7269885320167142e+00
5.2896648859229456e-01
-1.2188865040958943e+00
-7.2755984705011412e-01
-7.6006733036391250e+00
1.9091594199101225e+00
4.7407993741392312e-01
8.9395390809300024e-01
4.7750676436722177e+00
-4.2529692498627817e+01
-2.4450784398319800e-01
1.9432828140110099e+00
-2.0710867379766689e+00
4.7638222804020847e-01
-1.7188626258443835e+00
4.4739011444565193e+00
2.4856033853955414e-01
1.6741376553259215e+00
-4.6285545281418367e-01
-1.9681476706627590e+00
8.4312183509872718e-01
4.4899017982402789e-01
2.1144038177198579e-01
-7.8344772373676441e-01
2.6230865504558651e+00
-9.1853094877373120e-01
-1.8831552440043799e+00
-1.1863119054449053e+01
4.0636853339820700e+00
-1.9958281618428058e+00
1.2378248354033730e+00
2.1306790208465518e+00
3.7035284020341956e+00
-5.6907836048107130e-01
-9.7767713946507246e+00
4.5117579276789949e-01
-3.6913554643525690e+00
1.9139040866403609e+00
-3.1547294764911593e-01
1.8508091271316216e+00
-8.2162891527389800e-02
-9.5007814219343056e-01
-5.7978404881318134e-02
1.5872364511698536e+00
-3.7027281468874897e+00
-4.3067932260349706e-01
-2.4258221768552217e+00
-3.6364014565524712e+00
8.7553023634753291e-01
4.8738952029034094e-01
3.5806684490410454e+00
-4.0696561858474666e-02
9.4793325919854954e-02
-7.9637819291238799e+01
1.1505929831019357e-01
-1.5064914476538500e+00
-3.4642206217133200e+00
-1.2448861013554435e+01
-3.9566081225719274e+00
-3.9779340210188203e+00
2.0938834706147480e+00
3.2561619605292108e-01
-9.3377071686262314e-01
1.5353615552521218e+00
-1.6675081071719831e+02
-1.4112490078919691e+01
2.3285246727631354e-01
4.4508399999422420e+02
2.2631093885989166e+00
1.6815894674248892e+00
3.1982553303743448e+00
-1.0097333058633899e+01
1.0883522961018089e+01
1.0307830311288380e-01
-9.9070161254813188e-02
2.3626949921788343e-01
-4.2245686566714352e-01
-7.8104605530863924e-01
1.7460947904125448e+00
1.6442947170436539e+00
4.3541688287825950e+00
-8.7424680586720960e-01
7.4560365255177805e+00
-5.7802222778984165e+00
1.4334056591378252e+00
-1.0381245842119426e+00
-1.4610969522632328e-01
1.3687910709726783e+00
-1.5436431896798026e+00
-8.1978400475213575e-01
-3.1263519433279158e-01
7.5867318976075493e-01
1.6407948099862828e+00
-3.3960390494244347e-01
-9.3769485393581251e-02
2.8887092611404902e-01
1.9526404636256265e+00
2.5571703938368757e+00
2.2748505655218247e+00
6.7207007555445148e+00
1.6133455597162150e+01
2.5005201894116087e+01
1.5322717900660425e+00
-6.9065031565562807e+00
-5.9038068358069085e-01
4.9387648065285452e+00
7.4118165186887730e-01
-1.2933094302589863e+00
-1.1400436203564532e+00
2.0975958971289188e+00
2.2904653507778172e-01
-3.5813900915729304e+00
9.1444042338180853e-01
2.6215190799293175e+00
-1.2363587933617364e+00
7.6435201380417650e-02
-9.3445183767175477e-01
-8.5116610777261659e-01
2.6973453197792647e+01
6.8239278205923757e+00
9.1473756419878463e+00
-1.1645985450106407e+01
3.3405227532319798e-01
-9.2213554874254400e-01
-1.2421047348685660e-01
2.1725463744815574e-01
6.5524107311807768e+01
-4.4921676034324429e+00
-2.5195575478183924e-01
-6.3813994183464935e+00
-7.6678947425257542e+00
1.0532169433602023e+00
-1.0758249551243799e+00
5.3495390217805658e+00
1.6045813462852831e+00
-4.1332800425901288e+00
1.0626290511136856e+00
-8.0515800381773917e-01
-2.6596838744451223e-01
1.3975821528318260e+01
-2.2715071123364940e+00
4.9981636490078101e+00
-3.8590899547088213e+01
1.3129749790286569e+00
4.4516635306288932e-01
-3.3991714123733732e+00
5.2428257224331598e-01
-1.4485005191277875e+00
2.3369707333341636e+00
-1.1255371420158726e+01
2.1275605615163471e+00
-1.6016314562256251e+00
-8.1831880450369121e-01
5.1459832074172462e-01
-2.3417183063300928e-01
7.7232063724832734e-01
7.3691479370038060e-01
4.7410096031783405e-01
2.4854103577223277e+00
-7.3628144324262683e+00
-7.0143417974753728e+00
1.0307168813078518e+02
5.4885217799230890e-01
-2.5162205925821310e+00
-1.5349837526937558e+00
6.3638123749335298e+00
-4.9912962308093078e+00
1.5988908965186195e+00
4.8950314515485266e-01
-1.3356561367526512e+00
1.2465673930694411e+01
8.7306990675337506e+00
-4.1629504835066594e-01
-3.4421526986047262e+00
2.5243595720888656e-01
1.3158105713452743e+00
-1.1907515291904018e+00
-1.3703479120368543e+01
4.7821271485203026e-01
-1.1105478292478372e+00
-8.5221544574019892e-01
-2.8605708779167316e-01
-3.8669585355455616e-01
1.2634364901083780e+01
-2.7305543840331614e+00
-8.6279590232548803e-02
2.0100400598677670e+01
1.7667507129717437e+00
-6.7007070136689094e+02
-3.3649987671159320e+00
-4.9328790334435926e+00
-5.8138503346289006e-01
-7.3432596131365846e-01
3.6567276226081593e+00
7.8144999725266895e-01
-4.5588257963442640e+00
-4.9101476227060825e+00
-1.4755571750423783e+01
-1.8374794503662497e+00
1.4526640532222728e+00
2.1161752274144433e+01
3.1582421083022529e+00
1.6200015515004544e+00
-5.5989998278890396e-01
2.0596392146238127e+00
-9.5308216281232302e-02
-8.9843282874439412e-01
3.1911973491478491e+00
-2.3921978150526013e+00
-1.5115812205546619e+00
-3.5693840336043263e+00
2.4888388479856638e+00
2.5436228494078073e+00
-2.6127012311566395e+00
-1.4964715606870866e+00
-9.8819948146361043e+01
-1.2170440077727824e+00
3.1806070103699766e+00
-4.3758778396228024e+00
-1.7479706256098357e+00
4.0004450682804089e+00
1.0068642835104615e+01
6.3667613118274176e+00
6.4250872696235009e+00
3.4172117247156866e+00
1.7284305026224711e+01
1.4815339769618610e+00
2.9410270418872142e+00
-1.2229602377791271e-01
2.1069352218367995e-01
5.9051865882162016e+00
2.3787687521826046e+00
-1.2960372421825632e+01
-2.8386509689849071e-01
1.8563021293970918e+00
4.5900945130512651e+00
-1.4906266106941214e+01
-3.0039020116918982e+02
1.0479224672962490e+01
5.9524490060511601e+00
-7.4254578798246884e-01
-9.9333714679923735e-01
-6.4679868777536935e+00
3.5551431445250583e+00
1.5593086516991605e+01
-1.1043268567750237e+00
4.6313350028658506e-01
-8.8586137900412032e-01
-5.8333728951591599e-02
6.2239222625889101e-01
-2.8449579730882149e+00
1.7239836903243845e+01
-2.0653893888014223e+00
-1.7182899854253555e+00
4.7250242076804116e-01
1.3238946961264981e+00
7.1283186495977063e+01
-1.0517523994646487e+00
7.2841245269721526e+01
4.3878815080125193e+00
4.3198206605168626e-01
2.6269189001210749e+00
3.2250731178369798e+00
-2.6340048002087468e+00
-3.8287877252128149e+00
-1.0505194723295657e+00
1.1490873969038580e+00
2.5649642214863110e+02
-2.7951310962060347e+00
-1.1651050290488192e+02
-1.3176162105643676e+00
1.1942118918590078e+01
-5.1053508658935449e+00
2.9688608264482754e+00
-6.2798180890715161e+00
2.4169636983661436e+00
-3.9512707547778270e+00
2.5170497039102779e-01
1.2075558477475883e+00
-1.2503382246659933e-01
1.0957129494234989e+00
6.9917912051210891e+00
1.3993273133681741e+00
9.8011456874824954e-01
1.6951741379766019e+00
3.8884062443097211e+00
3.6652572498806046e-01
-2.9358224696736990e+00
-1.3391335019519126e+00
2.1792219370909220e+02
-3.2610775172068003e+00
4.3474356379227261e+00
-2.4622928836819060e+01
-1.0211410894330788e+00
2.9735286730061507e-02
-4.1356201370563168e+00
6.1103117159946354e+00
-1.3159353363749036e+00
-3.8138127529794041e-01
-7.4368476609782547e-02
4.6718588001218677e+00
3.9872249804273330e+00
2.0401792921568365e+01
1.2115133963892910e+00
-1.5436678316575958e+00
2.5351749545737614e+00
-5.8025665527699144e-01
-1.1107614503965288e+00
-1.3823050032240045e+00
-7.9034877368618384e-01
-4.1976929798395679e-01
3.5376247905483655e+00
5.1934574846619370e+01
-2.4689628965701313e+00
-2.5352775785287357e-01
4.2275706893534419e+00
1.1150690874104807e+00
4.7639172616286563e-01
-1.1675922447484403e+01
3.9086439476812562e-02
2.4561087398234451e+02
2.2410544941489601e+00
9.1392558221248643e-01
-5.5222375297370476e+00
-3.6986073024990112e+00
-4.0401212957993821e-01
-1.6656525133952890e-01
-5.1902252858056839e+00
-7.7280024245973786e-02
7.4651692205655342e+00
2.5320509659229451e+00
-1.8646626177187997e+00
1.8204899325477462e+00
4.5872867039820076e+00
1.0789735550948345e+00
3.3633998474920275e+00
-1.5838025487722941e+01
9.5837640029135607e-01
-2.0696698572766707e+00
4.7444443911426692e-01
-2.6848546129082923e-01
7.1493180102884510e+00
-3.2929368462059210e+00
6.2970869252829875e-01
4.3947639878276288e+00
8.2576210020737317e-01
-2.5639909222578590e+00
2.8795000174128149e+00
-8.5916218462271630e+00
-1.3831127826312843e+00
2.4413510562696716e+00
-1.0173896257155126e+00
-1.5760532303325561e+00
-1.3084413952783869e+00
-3.2954454239184208e+00
-2.5932929912645508e+00
4.3372070433880117e+00
4.8820526431948226e+00
-1.4394030663071333e+00
8.4269617720141177e-01
-3.6913668229134431e+00
1.7293927960992275e+00
1.1027346896204653e+01
8.3164052286266266e+00
1.5358616743943879e-01
-1.3613142072197706e+00
3.0965488846606373e+01
-3.8173080540957521e-01
3.0323101660944576e+00
-1.2726132217889365e+00
3.3078634875492641e-01
8.2436858895506865e-02
3.3229120110253030e+00
5.0642352042252128e+00
-2.0423150350566949e-01
4.0277554201031451e+00
-3.4589821819826723e+00
-4.1892969548035514e-01
3.3300460622863959e+00
-1.3354052217234484e+00
-1.5567024630167061e+00
1.4808907198081009e+00
1.2915781457942648e+00
-1.0111732929835311e+01
1.8774520578317582e+00
4.4425699811567887e-01
9.1466205031711052e+00
3.7518128881827899e+01
-1.2937826597050162e+01
9.0088265826605812e-02
-9.3808423011437964e-02
4.4747014209089473e+00
2.2827414128229306e+00
-1.4950274132471451e+00
-5.4984154372341698e-01
1.3603161340719971e+01
-3.7837718777864109e+00
3.1304701937282325e-01
-2.7681473498921294e+00
1.5466677419645287e+00
4.3600239427602283e-01
-3.4024122779913530e+00
-3.9237008957726869e+00
-5.4429081852690198e-01
-2.1757703624017211e+00
-1.9814078947075064e+00
9.2661404187665108e-01
1.6162633836822160e+01
-1.9923966761505096e+00
3.0652881348167966e+02
-5.2844462259981135e+00
-6.1399447991633878e+00
-7.3006727013948147e-01
6.7248580292481874e-01
2.9959943988758266e+00
5.6450693096074787e+00
-3.4188281209834863e+00
-1.1825889117413335e-01
-2.5286450403776546e+00
9.9142800866528962e+00
-2.5590288711307768e-01
3.5143875587707885e+00
-2.7639061978371167e+01
-6.9217626961786705e-01
-1.9511725980969763e+00
-1.2457176128953803e+01
3.8022650079863936e+00
7.1433383639893344e-01
-1.0232187384270011e+01
2.0537407894449097e-01
-4.7318770341506988e-01
-2.3658643251481752e+00
-1.1299050294723454e+00
-7.1911845012426345e-01
1.4441539651805002e+00
-1.2759171426959600e+01
2.3008424414530118e+00
-7.3866798259614850e+00
1.4327490071718492e+00
-7.4954270708106101e+00
-1.4068294235303425e+00
2.5888077460570318e+00
9.7712246895249169e-02
-9.4461786151555920e+00
-2.3255635566607649e-01
-1.7978678914184727e+01
6.2625006780349479e-01
-2.6445405994845755e-01
1.7111418017810096e+00
8.8537553339908058e+01
1.0215159593867584e+00
1.9631827037399956e+00
1.8817493003915686e+00
2.2708550884887557e-01
6.0220146620623394e-01
-4.6898109062370690e+00
-3.9816682522981544e+00
-2.1813279944668796e+01
-2.6322502120647592e+01
6.9336785610706517e+00
3.2849616157293461e-02
-1.2981851676806729e+01
6.0239282221935986e-01
2.9105337825528554e-01
6.6948329429246234e-01
-1.6850565035857148e+00
-2.9876205884113167e+00
3.5818538324476890e-01
-7.5450483127834298e+00
1.4331882374122351e+00
-4.9219855111599287e+01
-1.8343134161997395e-02
6.9409372962210192e-01
-2.7883267448650926e+01
6.1267558513363951e-01
-6.2132771162087819e-01
3.0646798993337399e+00
-1.1153128344418939e+00
-1.1450500163648460e+00
9.2968005538783183e-01
-3.4527585670482632e+00
-7.0955540732458431e+00
2.1302250260399997e+00
-7.2666298022080467e-01
-1.9879283586575773e+00
1.5872939614750763e+00
-4.4391224343672668e+00
-1.0761495264846648e+00
1.9589901499029367e+00
1.2106134045722949e+00
3.0011807336760263e+00
2.5943347657080146e+01
9.5247976585382386e+00
1.8765814429677732e+00
2.0250162029919636e+00
3.6285619172464711e-01
3.2592725008624885e+00
-2.1359295119794455e+00
2.5310357547373503e-02
-3.3527684868247337e-01
9.2703288194926947e-01
7.9621216417954157e+00
-2.4830006947563255e+00
-6.0816288477911717e-01
2.9434027241942391e+00
-9.1108005969047334e-01
-2.3343955441809188e+00
-1.2793644470828760e+00
4.5253676157768155e+00
-4.1794272550968135e+00
-1.4648187390257668e+00
-1.9643169045176705e+00
1.1440386332991286e+00
-3.7081843371945361e-01
-2.6073811012976602e+00
-1.2421684403284661e+00
1.2785525377890805e-01
1.6164959709209452e+01
-1.6440018822966096e+00
-6.2460896420869316e-01
-1.3181279611336667e+00
-2.1886992178514863e+01
-1.7146168218460567e+00
3.6075145687931784e+00
5.5161771285450822e-01
3.0532652911768157e+00
-1.8817364507339835e+01
4.4230671515510922e+00
-3.8069362321338081e+00
-5.6864836362843825e+00
-1.0210262159101555e+00
6.3658165864037905e+01
-5.9246806432174175e+00
1.2611488729296023e+00
7.5449518727726286e+00
8.7438240397269507e+00
2.8251649690968437e+00
-1.2340590354672194e+00
-1.8335138748821793e+00
1.8166829112684930e+00
-1.4786148465573328e+01
4.4452299274236085e+00
1.9242416710482871e+01
2.6045556106371461e+00
5.2534441302969370e-01
7.9985345707143884e-01
-3.6844094275010106e+00
2.2129842900582650e+00
-5.9602265827807699e-01
-1.3737527101932937e+01
-1.2729581681283655e-01
2.6052941074656739e+00
8.9977571823913693e-01
2.4651729302828318e-01
-8.6855180838499038e-02
-8.2891779608605454e-01
-9.3340569630827941e-01
-1.7740799514998813e+00
-2.6755590123659578e+00
-8.1151666526843502e-01
3.7721329242408328e+00
1.8621970865398924e-01
-3.1973862605639449e+00
1.5377331301468704e+00
-7.3696721705772239e-02
-3.9323604940976087e-01
2.1289829770131863e-01
7.9315030295168421e-01
2.3754931682608396e+00
4.3174552500183094e-01
-5.2416810160636524e+00
2.5306088283354469e+00
-5.0003366277356065e+00
-6.6816578178623569e+00
5.5871362304370473e+00
-1.4867856075810842e+01
-3.3624458487558795e-01
8.3368350979067127e+00
4.7568337935144536e+00
-6.2567516897172537e-01
1.0619639763875965e+01
5.6866301364964755e+01
2.4943665145425142e+00
7.3003927396700766e-02
8.2863892459825506e-01
-2.3181813783138825e+00
2.5317905588090300e-01
-2.3239743540629578e+00
6.2973497282990676e-01
2.0484615546378294e+01
-8.4739363256711151e+00
7.1971345533597197e-01
-2.6438349652152844e+01
-1.4193054970752177e+00
-1.3358371509683778e+02
8.1235315696146682e+00
-1.8808326698415733e+01
-1.0328797671983516e+01
-1.0472431280793167e+01
-1.3212204405156387e+00
-2.0816812527599115e+01
7.2968950525911422e+00
1.7657169601104304e+01
-1.2892341709452847e+01
3.5741909843445677e-02
9.8928778976460108e-01
-6.1964228366998253e-01
3.9115223920776736e+00
1.1290969475255425e+01
6.2199017623214976e+00
-1.4968906998504619e+00
5.1746638947656642e+01
-2.8099860068021082e-01
-2.2742195259044653e+00
-2.9266081438221958e+00
-1.4930475254195610e+00
-2.5393717017043869e+01
-5.2196124473424610e-01
1.2557130463557632e+01
1.1646408146406517e+00
1.5436124646543365e+00
-1.3410437157203601e+00
-6.3251665924673040e+00
3.0341313520342889e-01
-4.0546694673961653e-01
-1.6316070898218178e+00
4.7798186411361101e+00
-2.2599912699763762e+00
3.2661235139343798e+00
-1.0393170480202492e+00
5.9141876830260296e+00
-2.0649327473474401e+00
1.2805238168894271e+00
-6.3066204266592464e+01
1.3747468011557881e-01
-1.1122422672469243e+00
5.6981446301545613e-01
-9.2996347929059886e-01
3.5922607170209178e+00
-1.0265741499604917e+00
-4.9287064729029716e+01
-2.4598523716335259e+00
8.0033885838520757e-01
-5.7514186495816304e+00
-7.8836746940397697e+00
-2.3630743111386336e+00
-2.3077790660088674e+01
-9.4962305658112989e+00
-3.9788699084671011e+00
-1.8545017731958979e+00
-3.1948721084656646e+00
-5.4603082276312369e+00
2.2959244221218205e+00
-2.6790169145631531e+00
-1.1028520315911934e+00
4.9978340887139909e+00
-1.8184757940684473e-01
-2.5588905007862568e+01
-4.9439748085908586e-01
2.0991270288121994e-01
6.0250209729580888e+00
-7.6132488764306654e+00
3.6126556137164685e+00
-9.6079424244394307e-01
2.7181459776332471e+00
8.0032999910190306e-01
-1.0668739084562302e+01
6.8695163407942994e-01
4.1431612799507702e+00
1.1526687894960881e-01
-6.4677681252787265e+00
6.4844845764800843e+00
-1.9508400372925321e+00
3.2324441164994056e+02
1.0661169829508422e+01
9.4319986402632736e+01
1.9284299022086937e+00
-3.2495334556218540e+00
-1.2363019202245908e+00
8.3921267363986782e+00
-2.7926712387101343e-01
-4.3783154827295547e+00
-2.2254781156319980e+00
-1.3072743160140854e-01
1.3027302282570028e+01
1.4345124860739308e+01
2.9822186747093593e-01
-3.7975925563367898e+00
-2.5103108211277410e+00
1.1564110955475499e+00
-4.6540754475381590e-01
1.3302649224924976e+00
-4.0651209675479114e+00
9.5352120419910036e-01
-4.6037157170078329e+00
-7.8417266574229449e-01
7.9135553960009219e-01
-1.9248053495589110e+00
-1.5605966416222271e+01
2.6668526749749781e+00
7.3713751256941340e-01
5.5259772070171986e-01
-5.2844678029705505e-01
4.8662294996886662e-01
8.6915181480943593e-01
5.4959686167276338e+00
2.9922420950973341e+00
5.6458639810332889e-01
3.7118174165638358e+00
2.2322540455178177e+00
-2.9221352938996445e+00
5.6717395589763513e-02
-2.7286178109532386e+00
1.2479335309941639e+00
-1.8042815934477618e+00
1.1979009792392015e+01
-1.4492059751333040e+00
-2.0216962399687461e+00
-5.5249398121584914e-01
9.3800023339828549e+00
-2.7155388796494634e-01
9.0774918116850178e-02
-8.7174745887693939e-01
-1.2092962498797604e+01
7.4933725433199094e-01
-2.0127950229719844e+00
1.7441910766299991e+01
1.2709839982883164e+00
-6.6550827127495071e-01
-1.8027856889308373e+00
-6.8309612713124448e+00
1.8725337427354747e+00
-4.3969978741270364e+00
-8.0590514063394458e-01
4.4115794041713077e+00
-1.2158008516458700e+00
-2.6181726784767662e+01
-1.5482827908059564e+01
-3.1146876001370138e+00
-4.0949342523839309e+00
-1.7003792911200875e+00
7.3798447646170306e-01
-3.3443979170394602e+00
3.2560379081561490e+00
1.0466490941426827e+00
-1.8591469446232753e-01
3.7911697187607230e+00
6.4343019093601106e-01
2.2260169912161443e+00
1.0270928313889431e+00
-2.8280461156391543e+00
-2.6953501335048351e+00
2.4270779288334718e-01
1.1390170440255709e+00
-1.5932970564230465e+02
-2.7666465506209388e+00
2.9050553405364856e+00
1.4055570628525409e+00
-5.0356117353677661e+00
-8.1623586294798702e+00
-3.2375039568081178e+01
3.4617770890884119e+00
-6.1220046802945074e+00
-3.0222608756596728e+01
4.3119996048237885e+00
7.8566802697770717e+00
-9.7665342360240423e-02
-1.4802386713082019e+00
1.3314930659291177e-01
4.3505894772723099e+00
-8.7171325483309003e-01
1.7085032308035858e-01
-8.7812107269456696e+00
2.9316192737782836e+00
-4.3544872510965904e+00
2.4000295931211459e+00
-6.2630813474073976e-01
5.2079477640143890e-01
-1.1145941190514842e+01
-1.6275641158345107e+00
-8.4272978947888011e-01
-2.0549002927299944e+00
1.1075315996569470e+00
-8.4290366608498668e-01
5.0025184528066846e-01
-4.1710920268660905e-02
4.4560348209694850e-01
1.6802137578593852e+00
-5.9080437589294732e-01
5.2092139672646667e+00
-4.6706289626903269e-01
2.2323330264723142e+00
1.5634125971333692e+01
-2.5882203444456029e+00
-3.5634109139024921e+00
-5.5718734939097814e-01
5.7897721372980604e-01
-1.7436196719465153e+00
-8.8534849684430850e-01
-1.0691084439406324e+00
-9.0995593968044974e-01
2.9653595390086909e+00
5.2342177357566184e+00
6.4246568457439013e+00
5.8743881047645354e+00
-1.0255289966510661e+00
1.6313423864520522e+00
-7.7720802659264454e-01
-4.0324839850709566e+01
1.1739720475530707e+01
3.4153723574681263e+00
6.6510049576465682e-02
-9.8584137170722397e-01
1.7467957645889010e+00
1.3379960847806778e+01
4.5627357904900903e+00
-5.7863498340756934e+00
-4.2653664313389639e+00
1.5508006688686446e+00
5.8824380545396293e-01
-1.0718251816548299e+00
2.6879297964715843e+00
-7.8873120282975578e-02
-3.9490750304327560e+00
-2.4919654077051021e+00
-1.2378825364074024e+00
8.2726179620240692e-01
5.9252601583589426e+00
4.0321406185777285e+01
-2.1161914733238913e+00
1.6053141789287726e+00
9.4808177617448841e-01
-1.2158321990804015e+00
1.0190225427115456e+00
8.5414057728593673e-01
7.3586263261266671e+00
1.3929510419657629e+00
-1.8041870293231559e+00
-7.6847210951078204e-01
-2.9558810763633621e+00
2.4886844697358241e+00
-2.0476914856128565e+00
4.9993988529792368e+00
4.0561841749631268e-02
1.0688015686429166e+00
